episode,length,time,reward,delta
0,15.0,0.0017680000000837026,-1.3,-1.0001079289172168
1,77.0,0.008039000000280794,-2.540000000000001,-1.0001992985778978
2,301.0,0.02662900000177615,-7.01999999999996,-1.0000048701484407
3,26.0,0.0027069999996456318,-1.52,-0.9994345966530154
4,33.0,0.0029190000004746253,-1.6600000000000001,-1.0000408060794055
5,58.0,0.004919999999401625,-2.1600000000000006,-0.981795054885539
6,39.0,0.005139999999300926,-1.7800000000000002,-0.9818911981333788
7,16.0,0.0015720000010333024,-1.32,-0.9992882246923279
8,125.0,0.010596000000077765,-3.5000000000000018,-0.9655391251073557
9,78.0,0.00717600000098173,-2.560000000000001,-0.9813104268050438
10,130.0,0.01448300000083691,-3.600000000000002,-0.9994397877637542
11,55.0,0.00509299999976065,-2.1000000000000005,-0.999453662126749
12,15.0,0.001441000000340864,-1.3,-0.9670798360367121
13,274.0,0.022852999998576706,-6.479999999999971,-0.999981812724897
14,126.0,0.014579000000594533,-3.520000000000002,-1.0001163382121754
15,58.0,0.004944000000250526,-2.1600000000000006,-0.963644019587668
16,45.0,0.004188000000795,-1.9000000000000004,-0.9813830299152605
17,97.0,0.008077999998931773,-2.9400000000000013,-0.9819073485028691
18,181.0,0.016402999999627355,-4.620000000000003,-0.9813598999923469
19,23.0,0.003222999999707099,-1.4600000000000002,-0.9819740814470408
20,22.0,0.002081999999063555,-1.4400000000000002,-0.9194865814535732
21,264.0,0.022783000000345055,-6.279999999999975,-0.9996859252452382
22,37.0,0.0033459999995102407,-1.7400000000000002,-0.9500236375050298
23,51.0,0.004504000000451924,-2.0200000000000005,-0.9995689136510351
24,45.0,0.004317000000810367,-1.9000000000000004,-0.9999896844356864
25,324.0,0.026412999999593012,-7.47999999999995,-1.000177059588107
26,72.0,0.008404000000155065,-2.440000000000001,-0.9993441841735268
27,85.0,0.007150999999794294,-2.700000000000001,-1.0002727449032975
28,38.0,0.0036700000000564614,-1.7600000000000002,-0.9492631254280184
29,80.0,0.007789999999658903,-2.600000000000001,-1.000280976350377
30,292.0,0.02537300000039977,-6.839999999999963,-1.000146197331937
31,148.0,0.01251599999886821,-3.960000000000002,-0.9996729146658802
32,131.0,0.011013000001184992,-3.620000000000002,-0.9656573176017583
33,36.0,0.0030269999988377094,-1.7200000000000002,-0.8136524342048025
34,63.0,0.00561799999923096,-2.2600000000000007,-0.9357348300251975
35,204.0,0.01704799999970419,-5.080000000000001,-0.9994844321259867
36,92.0,0.007971000000907225,-2.840000000000001,-0.964171056166049
37,49.0,0.004442999999810127,-1.9800000000000004,-0.9322889555538515
38,53.0,0.004574000000502565,-2.0600000000000005,-0.9275990126374088
39,65.0,0.005581999999776599,-2.3000000000000007,-1.0000221490616052
40,74.0,0.006191000000399072,-2.480000000000001,-0.9994681229637405
41,46.0,0.0043549999991228106,-1.9200000000000004,-0.999762609505487
42,88.0,0.007363000000623288,-2.760000000000001,-1.0000670491440677
43,65.0,0.005590000000665896,-2.3000000000000007,-0.9821162439256963
44,275.0,0.0235370000009425,-6.499999999999971,-0.9998542465622675
45,47.0,0.003769000000829692,-1.9400000000000004,-0.9708018645681854
46,298.0,0.02431299999989278,-6.959999999999961,-0.9999524312785194
47,22.0,0.0020700000004580943,-1.4400000000000002,-0.9996496696628656
48,112.0,0.009569999998348067,-3.2400000000000015,-1.0003400258674866
49,225.0,0.018841000000975328,-5.499999999999992,-0.9783505032466299
50,221.0,0.020479000000705128,-5.419999999999994,-1.0001552006327097
51,162.0,0.014407000000574044,-4.240000000000002,-0.09986903758138732
52,67.0,0.005773999999291846,-2.3400000000000007,-0.9797333719078536
53,144.0,0.012796000000889762,-3.880000000000002,-0.9816391484621689
54,11.0,0.00112500000068394,-1.22,-0.8600468995182151
55,208.0,0.016953999998804647,-5.159999999999999,-0.9998818730799335
56,183.0,0.016187000001082197,-4.660000000000003,-0.9996580714740743
57,52.0,0.004664000000047963,-2.0400000000000005,-0.848918894709311
58,49.0,0.004332000000431435,-1.9800000000000004,-1.0000988824661412
59,129.0,0.013261999998576357,-3.580000000000002,-0.981874619294303
60,500.0,0.04112700000041514,-10.019999999999875,-0.00766557217678937
61,278.0,0.025042999999641324,-6.559999999999969,-0.9999007289299532
62,86.0,0.007311999999728869,-2.720000000000001,-0.9374277539381686
63,129.0,0.010862999999517342,-3.580000000000002,-0.8326011888247041
64,246.0,0.02389700000094308,-5.919999999999983,-0.9074599364265754
65,125.0,0.013962000000901753,-3.5000000000000018,-0.9820484409091629
66,172.0,0.018175999999584747,-4.440000000000003,-0.9814806891682644
67,209.0,0.019414999998843996,-5.179999999999999,-0.9673045181417382
68,66.0,0.007525999999415944,-2.3200000000000007,-0.9995346319789643
69,30.0,0.0026539999998931307,-1.6,-0.9992579004162747
70,79.0,0.007809000000634114,-2.580000000000001,-0.9534282942898772
71,76.0,0.009657000000515836,-2.520000000000001,-0.9998530877247319
72,288.0,0.023694999999861466,-6.759999999999965,-0.999603231556053
73,442.0,0.0301660000004631,-9.8399999999999,-0.9817859959139633
74,129.0,0.01574799999980314,-3.580000000000002,-0.9538463578879169
75,130.0,0.019427999999606982,-3.600000000000002,-0.982184279800722
76,125.0,0.01902700000027835,-3.5000000000000018,-0.9814796876570946
77,118.0,0.017784000001483946,-3.3600000000000017,-0.9998384490717925
78,135.0,0.014701000000059139,-3.700000000000002,-0.9821332228780943
79,36.0,0.005893999999898369,-1.7200000000000002,-0.0965657317601758
80,173.0,0.02414900000076159,-4.460000000000003,-1.000041815339442
81,102.0,0.015700999998443876,-3.0400000000000014,-0.897402511490969
82,123.0,0.018244000000777305,-3.4600000000000017,-0.9999634953248954
83,201.0,0.028259000000616652,-5.020000000000002,-0.999941350395836
84,154.0,0.023589000000356464,-4.080000000000002,-0.9996063326014049
85,255.0,0.034677000001465785,-6.099999999999979,-1.0002868250340426
86,181.0,0.029114999999364954,-4.620000000000003,-0.9998654428108197
87,57.0,0.010143999999854714,-2.1400000000000006,-0.9995714172147513
88,166.0,0.028276999999434338,-4.320000000000002,-0.9484220699887114
89,102.0,0.017411999999239924,-3.0400000000000014,-0.9818167241412157
90,92.0,0.014574000000720844,-2.840000000000001,-0.9517490388844572
91,213.0,0.03488699999979872,-5.259999999999997,-0.9996773555382087
92,67.0,0.011532000000443077,-2.3400000000000007,-0.7443077193733627
93,177.0,0.03188300000147137,-4.540000000000003,-0.9819796737735238
94,215.0,0.02849699999933364,-5.299999999999996,-0.9999491214955345
95,214.0,0.026934999999866704,-5.279999999999997,-1.0003292444801104
96,44.0,0.006077000000004773,-1.8800000000000003,-0.09817950548855392
97,141.0,0.01838099999986298,-3.820000000000002,-0.9997782617031635
98,58.0,0.005070999999588821,-2.1600000000000006,-0.9618095480099931
99,132.0,0.011526000000230852,-3.640000000000002,-0.9652142721670662
100,123.0,0.012701999999990221,-3.4600000000000017,-0.9673385007776193
101,21.0,0.0034670000004553003,-1.4200000000000002,-0.9434619358883702
102,82.0,0.008647999999084277,-2.640000000000001,-0.9237375861388761
103,363.0,0.03593200000068464,-8.259999999999934,-0.9999779297300221
104,241.0,0.02637700000013865,-5.819999999999985,-0.942392234612465
105,190.0,0.02217700000073819,-4.8000000000000025,-0.9994370664439237
106,149.0,0.015812999999980093,-3.980000000000002,-0.9578188209662684
107,172.0,0.0225060000011581,-4.440000000000003,-0.9814556123216737
108,76.0,0.009877000000415137,-2.520000000000001,-0.9192631117455886
109,182.0,0.02132800000072166,-4.640000000000002,-0.9633758506130019
110,152.0,0.018045999999230844,-4.040000000000003,-0.9997566736925726
111,43.0,0.0038580000000365544,-1.8600000000000003,-0.9994206460795771
112,94.0,0.011188000000402099,-2.8800000000000012,-0.9504116982573618
113,18.0,0.002441000000544591,-1.36,-0.8105481675795646
114,84.0,0.009704000000056112,-2.680000000000001,-0.9671839714785985
115,484.0,0.056072999999742024,-10.679999999999882,-0.9188243364998419
116,79.0,0.011258999998972286,-2.580000000000001,-0.9347509354161414
117,126.0,0.01447800000096322,-3.520000000000002,-0.9178732492035397
118,150.0,0.019572000001062406,-4.000000000000002,-0.9996183975154279
119,225.0,0.02704299999822979,-5.499999999999992,-0.9818514007084298
120,92.0,0.012692999998762389,-2.840000000000001,-0.98185490324267
121,175.0,0.02272100000118371,-4.500000000000003,-0.9819901565036689
122,180.0,0.023896000000604545,-4.600000000000003,-0.9156793856784536
123,491.0,0.05184299999928044,-10.81999999999988,-0.9995555312763704
124,53.0,0.005483999999341904,-2.0600000000000005,-0.906234207348182
125,234.0,0.0280929999989894,-5.679999999999988,-0.9999027521908668
126,118.0,0.012193000000479515,-3.3600000000000017,-0.9992310948060156
127,276.0,0.028395999999702326,-6.51999999999997,-0.9999318514851366
128,109.0,0.01174399999945308,-3.1800000000000015,-0.900096952425977
129,275.0,0.036487000001216074,-6.499999999999971,-0.9817248796072171
130,155.0,0.021349000000554952,-4.100000000000002,-0.9640168868283545
131,107.0,0.011540000001332373,-3.1400000000000015,-0.9802099199176493
132,83.0,0.009624000000258093,-2.660000000000001,-0.9797525163716809
133,151.0,0.01882100000148057,-4.020000000000002,-0.9816665132621818
134,114.0,0.012791000001016073,-3.2800000000000016,-0.9675319192662004
135,161.0,0.02259799999956158,-4.220000000000002,-1.0001613724315792
136,15.0,0.0021309999992809026,-1.3,-0.09525497564527163
137,213.0,0.028646000000662752,-5.259999999999997,-0.9996988164367522
138,199.0,0.027121000000988715,-4.980000000000003,-0.9998421858822463
139,135.0,0.019574999998440035,-3.700000000000002,-0.9820329072964687
140,59.0,0.009843000001637847,-2.1800000000000006,-0.9535264171211427
141,276.0,0.037292999999408494,-6.51999999999997,-0.960746590955464
142,221.0,0.03182799999922281,-5.419999999999994,-0.8621986502274646
143,278.0,0.04067399999985355,-6.559999999999969,-0.9995288774003904
144,403.0,0.05428799999936018,-9.059999999999917,-0.9636318783160637
145,97.0,0.013777000000118278,-2.9400000000000013,-0.9485469922011291
146,160.0,0.02438600000095903,-4.200000000000003,-0.9812511420267837
147,151.0,0.024900000000343425,-4.020000000000002,-0.9652490376424755
148,272.0,0.03805800000009185,-6.439999999999972,-0.9674951091509175
149,92.0,0.013627000000269618,-2.840000000000001,-0.8092796902783274
150,147.0,0.024448000000120373,-3.940000000000002,-0.9818586036682896
151,426.0,0.06054300000141666,-9.519999999999907,-0.9672579499254144
152,91.0,0.014080999999350752,-2.820000000000001,-0.9227222941994775
153,113.0,0.018077999999150052,-3.2600000000000016,-0.9175040035104639
154,454.0,0.07007700000031036,-10.079999999999895,-0.9654509698131536
155,189.0,0.026555000000371365,-4.780000000000003,-0.9393450824637891
156,39.0,0.004874000000199885,-1.7800000000000002,-0.09813104268050432
157,150.0,0.02221099999951548,-4.000000000000002,-0.9634547905566766
158,147.0,0.022683999999571824,-3.940000000000002,-0.9655375990188352
159,93.0,0.015996000000086497,-2.860000000000001,-0.9816161186589977
160,251.0,0.042163000000073225,-6.019999999999981,-0.981920692457894
161,500.0,0.06798700000035751,-10.019999999999875,-0.03559850244195873
162,285.0,0.037183999998887884,-6.699999999999966,-0.9239144878727532
163,270.0,0.03766899999936868,-6.399999999999973,-0.9996779331141141
164,111.0,0.014814000000114902,-3.2200000000000015,-0.9605859004798549
165,42.0,0.005747999999584863,-1.8400000000000003,-0.10001079289172166
166,157.0,0.01902400000108173,-4.140000000000002,-0.8935180784672723
167,386.0,0.04959500000040862,-8.719999999999924,-0.9820059886031175
168,389.0,0.050665000000662985,-8.779999999999923,-0.950551874663491
169,265.0,0.03317800000149873,-6.299999999999975,-0.9815166582937427
170,152.0,0.019318000000566826,-4.040000000000003,-0.981681465522715
171,435.0,0.06313899999986461,-9.699999999999903,-0.9814100807596045
172,297.0,0.04002299999956449,-6.939999999999961,-0.9795449123628918
173,500.0,0.0700940000006085,-10.019999999999875,0.009541936276608348
174,246.0,0.03839300000072399,-5.919999999999983,-0.9795658983772735
175,301.0,0.04177899999922374,-7.01999999999996,-0.9998374733058806
176,149.0,0.021522999999433523,-3.980000000000002,-0.9817504178647465
177,169.0,0.020671000000220374,-4.380000000000003,-0.9673793596898824
178,166.0,0.02218400000128895,-4.320000000000002,-0.9997126601825483
179,218.0,0.032814000000144006,-5.359999999999995,-0.9999505512564855
180,154.0,0.021326000000044587,-4.080000000000002,-0.9491941062590042
181,89.0,0.013160000000425498,-2.780000000000001,-0.9535926975028957
182,322.0,0.04447000000072876,-7.439999999999951,-0.9996505046189406
183,169.0,0.024331000000529457,-4.380000000000003,-0.8131145388124863
184,114.0,0.01485800000045856,-3.2800000000000016,-0.9998961598196126
185,344.0,0.04673499999989872,-7.879999999999941,-0.9382945105789446
186,230.0,0.03327200000057928,-5.59999999999999,-0.8994469277462834
187,265.0,0.038303999999698135,-6.299999999999975,-0.9365240132398395
188,393.0,0.054954999999608845,-8.859999999999921,-0.9610991959493487
189,180.0,0.03070800000023155,-4.600000000000003,-0.8492855107064904
190,149.0,0.02423099999941769,-3.980000000000002,-0.9816159660077074
191,85.0,0.01056599999901664,-2.700000000000001,-0.9121143992814519
192,279.0,0.040120999999999185,-6.579999999999969,-0.09820329072964684
193,155.0,0.0246129999995901,-4.100000000000002,-0.8811992625315095
194,140.0,0.02210899999954563,-3.800000000000002,-0.9814944802133917
195,335.0,0.051669000000401866,-7.699999999999945,-0.967236412580677
196,163.0,0.023167999999714084,-4.2600000000000025,-0.10003292444801115
197,152.0,0.022942999999941094,-4.040000000000003,-0.09999318514851363
198,419.0,0.0695400000004156,-9.37999999999991,-0.8495081594171858
199,366.0,0.04616899999928137,-8.319999999999933,-0.9819040634066507
200,94.0,0.011210999999093474,-2.8800000000000012,-0.097835050324663
201,145.0,0.021585999998933403,-3.900000000000002,-0.9995797853857767
202,113.0,0.01533000000017637,-3.2600000000000016,-0.8401036180151897
203,330.0,0.0440920000000915,-7.599999999999947,-0.09998961598196121
204,341.0,0.05384000000049127,-7.8199999999999426,-0.9813683175592133
205,223.0,0.029608999999254593,-5.459999999999993,-0.921596498972529
206,500.0,0.06586699999934353,-10.019999999999875,-0.0016821982325311707
207,500.0,0.07040199999937613,-10.019999999999875,0.0026970732331584313
208,332.0,0.05467099999987113,-7.639999999999946,-0.9653156860671779
209,116.0,0.016020999999454943,-3.3200000000000016,-0.9491040109318087
210,372.0,0.049660999999105115,-8.43999999999993,-0.9141005100465549
211,421.0,0.05609800000092946,-9.41999999999991,-0.936477747443173
212,500.0,0.0580679999984568,-10.019999999999875,-0.001986495851608122
213,312.0,0.037512999999307794,-7.239999999999955,-0.9821003613950834
214,328.0,0.04208000000107859,-7.559999999999948,-0.9013170018067747
215,409.0,0.043752999999924214,-9.179999999999914,-0.8342140103843825
216,181.0,0.01965799999925366,-4.620000000000003,-0.838400150122615
217,500.0,0.05225900000004913,-10.019999999999875,-0.0030867737869822998
218,304.0,0.031064999999216525,-7.079999999999958,-0.9994134637254767
219,248.0,0.03188899999986461,-5.959999999999982,-0.9640435946311512
220,415.0,0.04955299999892304,-9.299999999999912,-0.09815166582937429
221,388.0,0.040590000000520376,-8.759999999999923,-0.09814944802133918
222,500.0,0.052600999999413034,-10.019999999999875,-0.0009283932647773663
223,500.0,0.051926000000094064,-10.019999999999875,-0.0010531074338047675
224,324.0,0.03738399999929243,-7.47999999999995,-0.9374312418805789
225,500.0,0.05440200000157347,-10.019999999999875,-0.002783111370589758
226,500.0,0.058773000000655884,-10.019999999999875,-0.004181051176780692
227,318.0,0.03506000000015774,-7.359999999999952,-0.8652817301938858
228,289.0,0.034895000000688015,-6.779999999999965,-0.9813532143555922
229,302.0,0.0316499999989901,-7.039999999999959,-0.9995107626912634
230,500.0,0.05216099999961443,-10.019999999999875,-0.008666579493511017
231,500.0,0.05518899999879068,-10.019999999999875,-0.0014907727371530621
232,500.0,0.05295099999966624,-10.019999999999875,-0.013024555177122477
233,219.0,0.024438000000372995,-5.379999999999995,-0.9994340923953458
234,207.0,0.021982000000207336,-5.14,-0.9814644204454127
235,291.0,0.031490999999732594,-6.819999999999964,-0.8556881143271529
236,500.0,0.0590859999992972,-10.019999999999875,-0.007585649939848116
237,500.0,0.07620400000087102,-10.019999999999875,-0.0015757459813485197
238,225.0,0.037589999999909196,-5.499999999999992,-0.9993703737982954
239,167.0,0.026959000000715605,-4.3400000000000025,-0.08556881143271522
240,500.0,0.06747400000131165,-10.019999999999875,-0.006533010948618356
241,222.0,0.030068000000028405,-3.4399999999999933,0.9998804963977423
242,500.0,0.08800399999927322,-10.019999999999875,-0.004753616427673302
243,391.0,0.05961999999999534,-8.819999999999922,-0.9245945630208798
244,500.0,0.0862619999988965,-10.019999999999875,-0.016630102706652647
245,284.0,0.044890000001032604,-6.679999999999967,-0.8888681899789057
246,434.0,0.07090099999913946,-9.679999999999904,-0.9356835897135712
247,118.0,0.018369999999777065,-3.3600000000000017,-0.0832603598652103
248,298.0,0.035354999999981374,-6.959999999999961,-0.9327379330372882
249,500.0,0.0666239999991376,-10.019999999999875,-0.014295569180582335
250,500.0,0.06772400000045309,-10.019999999999875,-0.017125714724267094
251,500.0,0.07355899999856774,-10.019999999999875,-0.001469515325614873
252,433.0,0.06204699999943841,-9.659999999999904,-0.9654982771176421
253,500.0,0.06556600000112667,-10.019999999999875,0.004097043694398672
254,500.0,0.05634699999973236,-10.019999999999875,-0.0009232427063095572
255,163.0,0.016707999999198364,-2.2600000000000025,0.09998804963977426
256,500.0,0.06252600000152597,-10.019999999999875,-0.0031914117826391253
257,485.0,0.049230000000534346,-8.699999999999882,0.009998804963977426
258,500.0,0.05150900000080583,-10.019999999999875,0.008355534309581414
259,489.0,0.05282900000020163,-10.77999999999988,-0.9816733921091547
260,500.0,0.051925999998275074,-10.019999999999875,-0.002268668763142162
261,465.0,0.04726000000118802,-10.29999999999989,-0.9141286429362155
262,312.0,0.031156999999438995,-7.239999999999955,-0.099976806521753
263,500.0,0.05123999999887019,-10.019999999999875,0.012889977916921397
264,225.0,0.022953000001507462,-5.499999999999992,-0.0999413463725477
265,500.0,0.05202799999824492,-10.019999999999875,0.0037973926075662023
266,500.0,0.061721999998553656,-10.019999999999875,-0.0034651444215706706
267,350.0,0.05606700000134879,-5.999999999999939,0.3872039487613046
268,358.0,0.06807099999969068,-6.159999999999935,0.6862361592894264
269,97.0,0.015742999999929452,-2.9400000000000013,-0.9070596741795588
270,299.0,0.05060299999968265,-4.9799999999999605,0.03872039487613044
271,500.0,0.08348000000114553,-10.019999999999875,-0.0020495527038915384
272,395.0,0.059184000001550885,-8.89999999999992,-0.9639362968445173
273,230.0,0.03364700000020093,-3.59999999999999,0.3476325231235343
274,164.0,0.025207000000591506,-4.280000000000003,-0.8648360301604393
275,230.0,0.03706200000124227,-3.59999999999999,0.003872039487613055
276,203.0,0.028744999999616994,-3.0600000000000014,0.03476325231235344
277,286.0,0.041505000001052395,-6.719999999999966,-0.9814050359676327
278,231.0,0.035132999999405,-5.6199999999999894,-0.9521265584882443
279,313.0,0.04262899999957881,-7.2599999999999545,-0.9358975895966007
280,228.0,0.02781900000081805,-3.5599999999999907,0.003476325231235311
281,302.0,0.04222499999923457,-7.039999999999959,-0.9509442276180524
282,500.0,0.05841799999871,-10.019999999999875,-0.0011373791001738909
283,500.0,0.057937999999921885,-10.019999999999875,0.0012169372542917
284,500.0,0.05304699999942386,-10.019999999999875,-0.0006795557767105276
285,500.0,0.05149900000105845,-10.019999999999875,-0.00023635022968052088
286,500.0,0.05274000000099477,-10.019999999999875,0.0019980118426194404
287,500.0,0.05942499999946449,-10.019999999999875,0.00022932612024947896
288,500.0,0.053099000000656815,-10.019999999999875,-0.00026606745165366763
289,500.0,0.050735000000713626,-10.019999999999875,-0.00047350855759203947
290,500.0,0.05069499999990512,-10.019999999999875,-0.0005199919682015164
291,500.0,0.05071200000020326,-10.019999999999875,-0.0010440572014138727
292,352.0,0.03595599999971455,-6.039999999999938,0.2704168727483871
293,500.0,0.05219600000054925,-10.019999999999875,-0.000779552292630159
294,381.0,0.038461000000097556,-6.6199999999999255,0.7239819596074546
295,439.0,0.0477630000004865,-7.779999999999902,0.7285389463276507
296,500.0,0.05032300000129908,-10.019999999999875,-0.00038556264073941193
297,249.0,0.025016999999934342,-3.9799999999999818,0.6708199279958649
298,500.0,0.05676300000050105,-10.019999999999875,0.0004451838232325811
299,500.0,0.0509860000001936,-10.019999999999875,-0.00019345789012653603
300,500.0,0.05023099999925762,-10.019999999999875,-0.013071469664016955
301,427.0,0.045398000000204775,-9.539999999999907,-0.8419373493586564
302,475.0,0.04768999999942025,-8.499999999999886,0.3148261415399254
303,500.0,0.05522500000006403,-10.019999999999875,0.0006480953689813884
304,500.0,0.07725200000095356,-10.019999999999875,-0.0002585338190100317
305,236.0,0.03000400000018999,-3.7199999999999873,0.03148261415399256
306,500.0,0.06493399999999383,-10.019999999999875,-0.0004797887948137236
307,500.0,0.08410599999842816,-10.019999999999875,0.0005513944070660026
308,500.0,0.07314799999949173,-10.019999999999875,-0.0004529829979831035
309,500.0,0.06757199999992736,-10.019999999999875,-0.005475650473938609
310,500.0,0.06634899999880872,-10.019999999999875,-0.011833152533587021
311,500.0,0.060122999999293825,-10.019999999999875,-2.2936667461309623e-05
312,500.0,0.050042999999277527,-10.019999999999875,-0.06677134223581248
313,500.0,0.05240599999888218,-10.019999999999875,6.719481658082338e-05
314,500.0,0.06395599999996193,-10.019999999999875,0.0003748719853089999
315,308.0,0.0328060000010737,-5.159999999999957,0.6864135247203814
316,275.0,0.03143900000031863,-4.499999999999971,0.06708199279958649
317,497.0,0.05044099999940954,-8.939999999999877,0.06864135247203818
318,500.0,0.05374400000073365,-10.019999999999875,-0.00011781301236410413
319,500.0,0.05017299999963143,-10.019999999999875,-8.270302416352182e-05
320,500.0,0.049936999999772524,-10.019999999999875,-0.00025180153545412143
321,500.0,0.05262899999979709,-10.019999999999875,-0.0010155146947964377
322,500.0,0.0508479999989504,-10.019999999999875,-0.00015427454926927875
323,500.0,0.05010099999890372,-10.019999999999875,0.0002539566258827619
324,500.0,0.050053000000843895,-10.019999999999875,-3.9818558544263416e-05
325,500.0,0.04976899999928719,-10.019999999999875,-0.0016449664363696603
326,500.0,0.05592900000010559,-10.019999999999875,0.02171275448619117
327,217.0,0.02176300000064657,-3.3399999999999954,0.21540225306940064
328,361.0,0.03610300000036659,-6.219999999999934,0.891743635288977
329,269.0,0.027006999998775427,-4.379999999999973,0.8653113815597606
330,436.0,0.04676399999880232,-7.719999999999903,0.08917436352889774
331,500.0,0.050570999999763444,-10.019999999999875,-0.0002379982318632401
332,386.0,0.049719000000550295,-6.719999999999923,0.6820740801580647
333,500.0,0.05075500000020838,-10.019999999999875,-0.0002018796419258062
334,197.0,0.019628000000011525,-2.940000000000003,0.008917436352889774
335,400.0,0.040103999999701045,-6.999999999999917,0.7479691919968106
336,299.0,0.03090399999928195,-4.9799999999999605,0.30737927641039353
337,500.0,0.05015400000047521,-10.019999999999875,-0.00281495431444867
338,500.0,0.05738500000006752,-10.019999999999875,-0.0011128399952287094
339,469.0,0.06366700000035053,-8.379999999999889,0.1360463676080571
340,500.0,0.07016999999905238,-10.019999999999875,-7.388312004177888e-05
341,439.0,0.058884000000034575,-7.779999999999902,0.49698433940731435
342,500.0,0.061918000001242035,-10.019999999999875,-0.00021416832415438458
343,219.0,0.027964999999312568,-3.3799999999999946,0.21768896980012176
344,222.0,0.030720000000656,-3.4399999999999933,0.021768896980012165
345,500.0,0.06701900000007299,-10.019999999999875,-2.9698533969613194e-05
346,281.0,0.03408300000046438,-4.619999999999968,0.5466970827562321
347,500.0,0.06702799999948184,-10.019999999999875,-9.15650557023473e-06
348,500.0,0.06880899999850953,-10.019999999999875,6.580963472246903e-05
349,316.0,0.0497590000013588,-5.319999999999953,0.67070744995219
350,500.0,0.05891499999961525,-10.019999999999875,0.027027892035481477
351,500.0,0.05387700000028417,-10.019999999999875,-0.0013237905188242804
352,284.0,0.028312000000369153,-4.679999999999967,0.7869092919652132
353,500.0,0.049966000000495114,-10.019999999999875,-7.219436903574405e-05
354,500.0,0.04965699999956996,-10.019999999999875,-6.298876919039187e-05
355,500.0,0.05184700000063458,-10.019999999999875,0.27246600007371125
356,336.0,0.03689699999995355,-5.719999999999945,1.000115650068399
357,256.0,0.026812000000063563,-4.119999999999979,0.1990853776109356
358,422.0,0.049866999999721884,-7.439999999999909,0.8044742380757846
359,292.0,0.03955099999984668,-4.839999999999963,0.9690010217457429
360,253.0,0.028033000000505126,-4.05999999999998,0.9512744231846381
361,353.0,0.04311700000107521,-6.059999999999937,0.19464082596451338
362,449.0,0.04744100000061735,-7.979999999999897,0.019464082596451382
363,401.0,0.04106800000045041,-7.019999999999918,0.0019464082596450938
364,274.0,0.02841700000135461,-4.479999999999971,0.27671128631317754
365,500.0,0.05022099999951024,-10.019999999999875,-2.679615715542316e-05
366,500.0,0.050602000001163105,-10.019999999999875,7.345606073125288e-05
367,500.0,0.050430000001142616,-10.019999999999875,-8.0062291183014e-05
368,500.0,0.051217000000178814,-10.019999999999875,-3.727662697355916e-05
369,500.0,0.05900900000051479,-10.019999999999875,7.322678469640076e-05
370,500.0,0.05300600000009581,-10.019999999999875,-0.01893788877069391
371,500.0,0.050316999999267864,-10.019999999999875,-0.010749533863564475
372,500.0,0.053906999999526306,-10.019999999999875,-2.8681748537151552e-05
373,500.0,0.050588000000061584,-10.019999999999875,0.029474381399000285
374,376.0,0.03815700000086508,-6.519999999999928,0.5893564697178473
375,500.0,0.050134999999499996,-10.019999999999875,-2.277721620694284e-05
376,284.0,0.028786000000764034,-4.679999999999967,0.2703934716820744
377,368.0,0.053727999998955056,-6.359999999999931,0.427825877930599
378,404.0,0.058615999998437474,-7.079999999999917,0.04278258779305988
379,500.0,0.06858899999861023,-10.019999999999875,-0.09587980251818731
380,500.0,0.0621289999999135,-10.019999999999875,-2.1425076146192046e-05
381,500.0,0.06732599999850208,-10.019999999999875,-1.0236600041707566e-05
382,410.0,0.06208100000003469,-7.199999999999914,0.9510356380509712
383,305.0,0.04600899999968533,-7.099999999999958,-0.8152394464189647
384,487.0,0.06451899999956368,-8.739999999999881,0.307130553455524
385,327.0,0.041753999999855296,-5.5399999999999485,0.19461909651734965
386,500.0,0.05673399999977846,-10.019999999999875,0.007437146392131916
387,316.0,0.03715400000146474,-5.319999999999953,0.136023733819164
388,500.0,0.06961300000148185,-10.019999999999875,-0.00023992337146616638
389,500.0,0.06926999999996042,-10.019999999999875,-2.8919092039669803e-06
390,347.0,0.03786300000137999,-5.93999999999994,0.25434260302930334
391,402.0,0.04393800000070769,-7.039999999999917,0.39984353882557044
392,500.0,0.0509490000004007,-10.019999999999875,-1.0300842738508731e-05
393,500.0,0.05042899999898509,-10.019999999999875,-0.008244471243083445
394,497.0,0.05408300000090094,-8.939999999999877,0.039984353882557055
395,500.0,0.05635699999947974,-10.019999999999875,-0.05501009365026199
396,500.0,0.0502649999998539,-10.019999999999875,-9.903022346463564e-05
397,500.0,0.05087699999967299,-10.019999999999875,-0.00012080413677983959
398,266.0,0.026423999999678927,-4.3199999999999745,0.003998435388255728
399,219.0,0.022443999998358777,-3.3799999999999946,0.4928194791738084
400,500.0,0.051580000001195,-10.019999999999875,-5.426912494688185e-05
401,500.0,0.05111800000122457,-10.019999999999875,-0.0001356928764513765
402,500.0,0.052414000001590466,-10.019999999999875,-0.00010487207136905541
403,500.0,0.051305999999385676,-10.019999999999875,1.922634989895422e-05
404,500.0,0.04947899999933725,-10.019999999999875,-0.0007222868677281002
405,303.0,0.030070999999225023,-5.059999999999959,0.5047229553477115
406,500.0,0.050890000000435975,-10.019999999999875,-0.00016392506718920785
407,301.0,0.035211999998864485,-5.01999999999996,0.7887326346995178
408,500.0,0.04743199999938952,-10.019999999999875,-3.994058790840471e-05
409,500.0,0.053813000000445754,-10.019999999999875,-2.354431749382324e-05
410,456.0,0.046288000001368346,-8.119999999999894,0.07887326346995172
411,500.0,0.06727999999930034,-10.019999999999875,7.761565567382389e-05
412,476.0,0.06310300000041025,-8.519999999999886,0.8747424252242133
413,436.0,0.06180399999902875,-7.719999999999903,0.11525232043047695
414,116.0,0.014489999999568681,-1.3200000000000016,0.011525232043047673
415,474.0,0.057142000001476845,-8.479999999999887,0.0011525232043048117
416,252.0,0.03408299999864539,-4.0399999999999805,0.00011525232043041456
417,500.0,0.06938399999853573,-10.019999999999875,-7.42404821405529e-05
418,500.0,0.05971999999928812,-10.019999999999875,-2.0273824253264072e-05
419,238.0,0.02415599999949336,-3.7599999999999865,1.1525232042952638e-05
420,269.0,0.03678300000137824,-4.379999999999973,1.152523204206446e-06
421,324.0,0.04536100000041188,-5.47999999999995,0.6720339235757165
422,461.0,0.06522000000040862,-8.219999999999892,0.3465622838266327
423,492.0,0.04951700000128767,-8.839999999999879,1.1525232035403121e-07
424,375.0,0.0307249999987107,-6.499999999999928,0.24750118884252004
425,368.0,0.026592000000164262,-6.359999999999931,0.024750118884252048
426,238.0,0.01883300000008603,-3.7599999999999865,0.5621092855204052
427,489.0,0.037757000000055996,-8.77999999999988,0.5666321644216452
428,424.0,0.03262700000050245,-7.479999999999908,0.4728043803603199
429,500.0,0.04543999999987136,-10.019999999999875,-4.9872389115052096e-05
430,354.0,0.0275870000004943,-6.079999999999937,0.04728043803603199
431,500.0,0.03983999999945809,-10.019999999999875,0.453524924701673
432,169.0,0.01363399999900139,-2.3800000000000026,0.8756402206714033
433,500.0,0.03893900000002759,-10.019999999999875,-0.011488485719488656
434,500.0,0.03872599999886006,-10.019999999999875,0.000994389135280882
435,273.0,0.02157199999965087,-4.4599999999999715,0.2175548037355085
436,413.0,0.034908000001451,-7.259999999999913,0.18775811353580896
437,500.0,0.039866999999503605,-10.019999999999875,-0.01095994923682761
438,158.0,0.01224000000001979,-2.1600000000000024,0.1251608417864699
439,391.0,0.03088500000012573,-6.819999999999921,0.8678389056260409
440,295.0,0.023429000000760425,-4.899999999999962,0.27828870987339105
441,387.0,0.0297260000006645,-6.739999999999923,0.13339912605318993
442,500.0,0.04007799999999406,-10.019999999999875,-0.0009512794803215041
443,500.0,0.044170999999550986,-10.019999999999875,-0.038263193025429715
444,435.0,0.04489599999942584,-9.699999999999903,-0.9995792433042902
445,276.0,0.022826000000350177,-6.51999999999997,-0.9992997332811262
446,500.0,0.045625000000654836,-10.019999999999875,-0.0012139431058111189
447,500.0,0.046349000000191154,-10.019999999999875,-2.4580026364295904e-07
448,500.0,0.04472700000042096,-10.019999999999875,-0.014577684244885522
449,500.0,0.044101000001319335,-10.019999999999875,-0.07671319239858282
450,458.0,0.04721900000004098,-8.159999999999894,1.016097302033021
451,203.0,0.029580000000350992,-3.0600000000000014,0.10160973020330222
452,500.0,0.1283450000009907,-10.019999999999875,-0.0010303912133404203
453,364.0,0.06759299999976065,-8.279999999999934,-0.9372807931934503
454,500.0,0.06862400000136404,-10.019999999999875,-1.6231845715336535e-05
455,196.0,0.03071799999997893,-2.920000000000003,0.9569524146039382
456,323.0,0.045167999998739106,-5.45999999999995,1.0510758362351542
457,382.0,0.0557040000003326,-6.639999999999925,1.0895449187113397
458,247.0,0.04824199999893608,-3.9399999999999826,0.2934625600971317
459,484.0,0.08526100000017323,-8.679999999999882,1.0253948011216831
460,363.0,0.04501600000003236,-6.259999999999933,0.10895449187113404
461,223.0,0.028348000001642504,-5.459999999999993,-0.9355841826860138
462,403.0,0.04252199999973527,-7.059999999999917,0.1025394801121684
463,500.0,0.0608009999996284,-10.019999999999875,-7.312918925189704e-05
464,335.0,0.03736000000026252,-5.699999999999945,0.34568332528474377
465,385.0,0.052010000001246226,-6.699999999999924,0.945373917673796
466,500.0,0.05227000000013504,-10.019999999999875,-5.28516317481742e-05
467,500.0,0.06316599999991013,-10.019999999999875,-3.302674622090995e-05
468,352.0,0.03168499999992491,-6.039999999999938,0.09453739176737963
469,465.0,0.10751300000083575,-8.29999999999989,0.009453739176737974
470,287.0,0.06293800000094052,-4.739999999999966,0.9152111955745708
471,237.0,0.048386000000391505,-3.739999999999987,0.19135907225199722
472,298.0,0.03392199999871082,-4.959999999999961,0.2947324661551557
473,248.0,0.019727999999304302,-3.959999999999982,0.2871155898462131
474,286.0,0.02068400000098336,-4.719999999999966,0.019135907225199755
475,305.0,0.026909999998679268,-5.099999999999958,0.9971784173989834
476,416.0,0.04283699999905366,-7.3199999999999115,0.9622419616525555
477,460.0,0.04904600000008941,-8.199999999999893,0.09622419616525557
478,344.0,0.03684400000020105,-5.879999999999941,0.009622419616525546
479,434.0,0.0402909999993426,-7.679999999999904,0.8272535009716514
480,285.0,0.02413899999919522,-4.699999999999966,0.0009622419616525102
481,171.0,0.016795000001366134,-2.4200000000000026,9.622419616528433e-05
482,500.0,0.04083100000025297,-10.019999999999875,-0.00033455561387882304
483,500.0,0.04587399999945774,-10.019999999999875,-1.5806167442344865e-05
484,412.0,0.03511599999910686,-7.239999999999913,9.622419616439615e-06
485,156.0,0.02019300000029034,-2.1200000000000023,9.62241961666166e-07
486,151.0,0.017440999999962514,-2.0200000000000022,0.9512421716417722
487,237.0,0.0345130000005156,-3.739999999999987,0.08272535009716508
488,468.0,0.08529000000089582,-8.35999999999989,0.9250522882083088
489,500.0,0.08677699999861943,-10.019999999999875,0.004129272374420678
490,500.0,0.08307400000012422,-10.019999999999875,-1.3314653813406574e-05
491,228.0,0.029672999999093008,-3.5599999999999907,0.0925052288208309
492,486.0,0.05984899999930349,-8.719999999999882,0.40119378435718756
493,496.0,0.057211999999708496,-8.919999999999877,0.04011937843571878
494,500.0,0.08926999999857799,-10.019999999999875,0.12513639000777332
495,154.0,0.03195499999856111,-2.0800000000000023,0.008272535009716475
496,283.0,0.054262999999991735,-4.659999999999967,0.2223453643781641
497,500.0,0.08617899999990186,-10.019999999999875,-5.17871566185768e-07
498,500.0,0.04382600000099046,-10.019999999999875,-0.00021256872611088995
499,196.0,0.024123999999574153,-2.920000000000003,0.6046465070607825
500,188.0,0.022332999998980085,-2.760000000000003,0.060464650706078205
501,321.0,0.028857999999672757,-5.419999999999951,0.7162666328129792
502,500.0,0.0508479999989504,-10.019999999999875,-0.01793475271125286
503,247.0,0.06868399999984831,-3.9399999999999826,0.006046465070607798
504,427.0,0.037094000001161476,-7.539999999999907,0.20692367787099564
505,219.0,0.016397999999753665,-3.3799999999999946,0.6580641224441343
506,139.0,0.011909000000741798,-1.780000000000002,0.469501943947329
507,500.0,0.06167000000095868,-10.019999999999875,2.8691015730164526e-06
508,500.0,0.04982399999971676,-10.019999999999875,-6.73456606487266e-05
509,280.0,0.024676999999428517,-4.599999999999969,0.9096013097008259
510,500.0,0.04500199999893084,-10.019999999999875,0.00044122660865308916
511,313.0,0.03007400000024063,-5.2599999999999545,0.24530242607677688
512,410.0,0.04319199999918055,-7.199999999999914,0.8732288189245581
513,202.0,0.017488999999841326,-3.040000000000002,0.5256294934934512
514,392.0,0.035386000001381035,-6.839999999999921,0.8528789962759595
515,387.0,0.057158999999955995,-6.739999999999923,0.6805856769992573
516,423.0,0.04501999999956752,-7.4599999999999085,0.9150529402580884
517,364.0,0.030595999998695333,-6.279999999999933,0.9221352817725945
518,316.0,0.030267000000094413,-5.319999999999953,0.30598360208875475
519,318.0,0.027985000000626314,-5.359999999999952,0.9589098557429989
520,500.0,0.061238000000230386,-10.019999999999875,-0.000608104478375393
521,317.0,0.06944300000031944,-5.339999999999953,0.41854145129075215
522,336.0,0.07199000000036904,-5.719999999999945,0.8463836998228872
523,280.0,0.0552929999994376,-4.599999999999969,1.0984429980060229
524,177.0,0.034144999999625725,-2.5400000000000027,0.33865092426759236
525,280.0,0.054927999999563326,-4.599999999999969,0.1098442998006024
526,348.0,0.05674600000020291,-5.95999999999994,0.03386509242675917
527,249.0,0.026845999998840853,-3.9799999999999818,0.010984429980060217
528,500.0,0.08149699999921722,-10.019999999999875,-0.01668457380352016
529,272.0,0.03862499999922875,-4.439999999999972,0.254981538355615
530,345.0,0.0694870000006631,-5.899999999999941,0.1312781734450723
531,206.0,0.040159999998650164,-3.12,0.12002116723821288
532,500.0,0.10194400000000314,-10.019999999999875,-0.001112191037548893
533,500.0,0.11027800000010757,-10.019999999999875,0.0006188134343598217
534,500.0,0.08455599999979313,-10.019999999999875,-0.00016856061492317997
535,500.0,0.08406900000045425,-10.019999999999875,0.0005807568152577658
536,500.0,0.08045300000048883,-10.019999999999875,-0.3727208055097542
537,383.0,0.05001000000083877,-6.659999999999925,0.9310914504447221
538,382.0,0.05891900000096939,-6.639999999999925,0.09310914504447232
539,500.0,0.08287500000005821,-10.019999999999875,0.0019435024259145672
540,289.0,0.04665700000077777,-4.779999999999965,0.00931091450444721
541,232.0,0.028318999999100924,-3.639999999999989,0.8291108778379317
542,287.0,0.0214510000005248,-4.739999999999966,0.08291108778379319
543,223.0,0.019815999999991618,-3.459999999999993,0.0009310914504446766
544,500.0,0.08293400000002293,-10.019999999999875,-0.14868726905516333
545,390.0,0.07521900000028836,-6.799999999999922,9.310914504445655e-05
546,384.0,0.08137600000009115,-6.679999999999924,9.310914504512269e-06
547,446.0,0.035560000000259606,-7.919999999999899,0.008291108778379352
548,376.0,0.02993599999899743,-6.519999999999928,0.0008291108778379908
549,149.0,0.015627999999196618,-1.9800000000000022,0.3766377036527607
550,445.0,0.04373999999916123,-7.899999999999899,0.14234888448711247
551,393.0,0.07871299999897019,-6.85999999999992,0.580466928777319
552,268.0,0.054575000000113505,-4.359999999999974,0.014234888448711236
553,499.0,0.08406699999977718,-8.979999999999876,0.0014234888448710903
554,358.0,0.05741699999998673,-6.159999999999935,0.2754403666837284
555,167.0,0.028173999999125954,-2.3400000000000025,0.3166761435005675
556,500.0,0.09199500000067928,-10.019999999999875,-7.932192322979148e-06
557,465.0,0.07878699999855598,-8.29999999999989,0.23264692154178057
558,288.0,0.03910399999949732,-4.759999999999965,0.0580466928777319
559,500.0,0.0940630000004603,-10.019999999999875,-0.012818838355586337
560,407.0,0.06575299999894924,-7.139999999999915,0.023264692154178035
561,226.0,0.04254100000071048,-3.5199999999999916,0.0023264692154177924
562,325.0,0.07371400000010908,-5.499999999999949,0.35427954248970506
563,211.0,0.05016299999988405,-3.219999999999998,0.2665796601716981
564,201.0,0.03199100000165345,-3.0200000000000022,0.026657966017169743
565,412.0,0.0588240000015503,-7.239999999999913,0.5322496569133062
566,259.0,0.05924599999889324,-4.1799999999999775,0.05322496569133062
567,185.0,0.04060300000128336,-2.700000000000003,0.9658694886586235
568,383.0,0.08421199999975215,-6.659999999999925,0.902445336588614
569,303.0,0.050769000001309905,-5.059999999999959,0.09024453365886131
570,316.0,0.06250100000033854,-5.319999999999953,0.9614424546230593
571,244.0,0.03634799999963434,-3.879999999999984,0.09614424546230593
572,422.0,0.08186699999896518,-7.439999999999909,0.009614424546230627
573,388.0,0.048027999999249005,-6.7599999999999225,0.922701150669667
574,500.0,0.09527700000035111,-10.019999999999875,-0.004636499852305465
575,387.0,0.052332000001115375,-6.739999999999923,0.0922701150669667
576,344.0,0.05232099999921047,-5.879999999999941,0.4846126117290641
577,338.0,0.050333999999566004,-5.759999999999944,0.8159061416604261
578,500.0,0.10154200000033597,-10.019999999999875,-0.6406175494985258
579,500.0,0.07003000000077009,-10.019999999999875,-0.0066569686394347405
580,321.0,0.05675399999927322,-5.419999999999951,0.6113188228605653
581,450.0,0.07506499999908556,-7.999999999999897,0.27398815768939866
582,347.0,0.05741699999998673,-5.93999999999994,0.13300777580444656
583,234.0,0.035828999998557265,-3.679999999999988,0.12017856105291602
584,254.0,0.05797499999971478,-4.07999999999998,0.46448812958356134
585,302.0,0.05329600000004575,-5.039999999999959,0.4731456778771159
586,349.0,0.06029900000066846,-5.979999999999939,0.3675859219602019
587,305.0,0.03934599999956845,-5.099999999999958,0.2733596986970621
588,500.0,0.10006299999986368,-10.019999999999875,0.0008658988517556143
589,136.0,0.011017999999239692,-1.720000000000002,0.02733596986970621
590,500.0,0.06444899999951303,-10.019999999999875,0.004103985058911269
591,500.0,0.09346700000060082,-10.019999999999875,-2.770873232518789e-05
592,238.0,0.03683400000045367,-3.7599999999999865,0.002733596986970621
593,357.0,0.053844000000026426,-6.139999999999936,0.2714135907134102
594,500.0,0.06904100000065228,-10.019999999999875,-1.9771916107691467e-05
595,325.0,0.04226899999957823,-5.499999999999949,0.9681957088032094
596,447.0,0.055044000000634696,-7.939999999999898,0.0968195708803209
597,246.0,0.033400000000256114,-3.919999999999983,0.21444059876309807
598,500.0,0.06164199999875564,-10.019999999999875,-0.09524724776818475
599,297.0,0.0400950000002922,-4.939999999999961,0.2296250378611323
600,86.0,0.009802000000490807,-0.7200000000000011,0.022962503786113198
601,346.0,0.048553000000538304,-5.91999999999994,1.0484778638969796
602,236.0,0.03134200000022247,-3.7199999999999873,0.10484778638969783
603,302.0,0.03025800000068557,-5.039999999999959,0.11761600201617384
604,283.0,0.03004300000065996,-4.659999999999967,0.2752333031694746
605,340.0,0.04239200000120036,-5.799999999999943,1.085588118043369
606,412.0,0.04215499999918393,-7.239999999999913,0.556579539864585
607,135.0,0.014040999998542247,-1.700000000000002,0.05565795398645845
608,148.0,0.01890599999933329,-1.9600000000000022,0.8610273920241907
609,372.0,0.041991000000052736,-6.439999999999929,0.08610273920241907
610,246.0,0.034913999999844236,-3.919999999999983,0.37041823588772327
611,349.0,0.04867500000000291,-5.979999999999939,0.00861027392024194
612,252.0,0.028770999999323976,-4.0399999999999805,0.9615606644725232
613,271.0,0.03338799999983166,-4.419999999999972,0.0008610273920242051
614,256.0,0.032162999999854947,-4.119999999999979,0.23876024314237754
615,364.0,0.05374399999891466,-6.279999999999933,0.92219523469597
616,338.0,0.039861999999629916,-5.759999999999944,0.22619470583311885
617,192.0,0.017980000000534346,-2.840000000000003,0.6139476964820975
618,140.0,0.017438000000765896,-1.800000000000002,0.06139476964820978
619,423.0,0.04571400000168069,-7.4599999999999085,1.0182884482035524
620,192.0,0.01980100000037055,-2.840000000000003,0.2604020411100112
621,191.0,0.02485299999898416,-2.820000000000003,0.8877674823023087
622,217.0,0.031033999999635853,-3.3399999999999954,0.08877674823023085
623,299.0,0.04201199999988603,-4.9799999999999605,0.573771523839246
624,146.0,0.024016999999730615,-1.9200000000000021,0.3748158964208319
625,237.0,0.03812199999993027,-3.739999999999987,0.03748158964208326
626,304.0,0.048535999998421175,-5.079999999999958,0.2539369899876267
627,211.0,0.032831000000442145,-3.219999999999998,0.6314945584956588
628,359.0,0.052884000000631204,-6.179999999999935,0.0037481589642083257
629,203.0,0.026006000000052154,-3.0600000000000014,0.6365516327818448
630,500.0,0.07034899999962363,-10.019999999999875,-0.06114511931704547
631,166.0,0.02159100000062608,-2.3200000000000025,0.8271594074667605
632,461.0,0.08353700000043318,-8.219999999999892,0.6174139526598945
633,339.0,0.04829699999936565,-5.779999999999943,0.06174139526598943
634,500.0,0.06932100000085484,-10.019999999999875,0.5404639778533771
635,189.0,0.02555199999915203,-2.780000000000003,0.006174139526598954
636,225.0,0.030107000000498374,-3.499999999999992,0.7923403268805864
637,345.0,0.035518999999112566,-5.899999999999941,0.07923403268805851
638,294.0,0.030313000001115142,-4.879999999999963,0.8204718325750646
639,143.0,0.013181000000258791,-1.860000000000002,0.4809294889705322
640,156.0,0.01972600000044622,-2.1200000000000023,0.04809294889705318
641,292.0,0.02574800000002142,-4.839999999999963,0.21559357093707399
642,359.0,0.03801800000110234,-6.179999999999935,0.9298776922262342
643,192.0,0.02555199999915203,-2.840000000000003,0.3545167378929843
644,239.0,0.02077400000052876,-3.779999999999986,0.03545167378929848
645,222.0,0.02879200000097626,-3.4399999999999933,0.11130095576953758
646,500.0,0.07069699999919976,-10.019999999999875,-0.03658966883435098
647,279.0,0.02185499999905005,-4.579999999999969,0.011130095576953769
648,319.0,0.02868999999918742,-5.379999999999952,0.8108701115640883
649,171.0,0.016402000001107808,-2.4200000000000026,0.22228807278945129
650,139.0,0.013234000000011292,-1.780000000000002,0.022228807278945162
651,500.0,0.04812099999981001,-10.019999999999875,0.2382372320462352
652,241.0,0.026305999999749474,-3.819999999999985,0.4060260269817615
653,231.0,0.024397000001044944,-3.6199999999999894,0.6507468511803249
654,182.0,0.04139699999905133,-2.640000000000003,0.04060260269817606
655,157.0,0.02893000000040047,-2.1400000000000023,0.8753885998784904
656,450.0,0.03693899999962014,-7.999999999999897,0.5999679496279293
657,289.0,0.02325399999972433,-4.779999999999965,0.059996794962792865
658,116.0,0.01142700000127661,-1.3200000000000016,0.30044094072203575
659,184.0,0.024998999999297666,-2.680000000000003,0.400438502214325
660,281.0,0.03452099999958591,-4.619999999999968,0.04004385022143242
661,425.0,0.07195700000011129,-7.499999999999908,0.26634034497724024
662,340.0,0.02863499999875785,-5.799999999999943,0.026634034497724057
663,195.0,0.017846999999164836,-2.900000000000003,0.004004385022143286
664,178.0,0.016169999998965068,-2.5600000000000027,0.21940983123904778
665,269.0,0.026757999999972526,-4.379999999999973,0.8891998433947161
666,255.0,0.025658000000476022,-4.099999999999979,0.08891998433947146
667,244.0,0.02773200000046927,-3.879999999999984,0.008891998433947168
668,410.0,0.049172000000908156,-7.199999999999914,0.2781157984408127
669,145.0,0.021108000000822358,-1.9000000000000021,0.027811579844081225
670,496.0,0.10911300000043411,-8.919999999999877,0.7197704197987893
671,311.0,0.052525999999488704,-5.219999999999955,0.17357396165640115
672,149.0,0.01942099999905622,-1.9800000000000022,0.017357396165640138
673,284.0,0.041964999998526764,-4.679999999999967,0.7973702010171909
674,416.0,0.06483599999955914,-7.3199999999999115,0.7022487601374385
675,284.0,0.04537800000071002,-4.679999999999967,0.07973702010171912
676,220.0,0.03354100000069593,-3.399999999999994,0.3326372516715773
677,299.0,0.0501590000003489,-4.9799999999999605,0.6795383004835156
678,249.0,0.043067999999038875,-3.9799999999999818,0.3986076953181037
679,123.0,0.022561000001587672,-1.4600000000000017,0.6854730950234841
680,207.0,0.03618300000016461,-3.1399999999999997,0.8946922769798347
681,230.0,0.03486900000098103,-3.59999999999999,0.08946922769798349
682,280.0,0.04696899999908055,-4.599999999999969,0.03986076953181028
683,153.0,0.02516999999897962,-2.0600000000000023,0.562413771312821
684,234.0,0.04053399999975227,-3.679999999999988,0.003986076953180984
685,500.0,0.07051399999909336,-10.019999999999875,-0.09116111269829823
686,500.0,0.08542900000065856,-10.019999999999875,3.8744503087856375e-05
687,163.0,0.026246999999784748,-2.2600000000000025,0.9424268925594101
688,500.0,0.06478400000014517,-10.019999999999875,0.0030662658614444283
689,351.0,0.04858599999897706,-6.019999999999938,0.878840923687028
690,473.0,0.06683700000030512,-8.459999999999887,0.8846488731808216
691,428.0,0.060464000000138185,-7.559999999999906,1.012195675509786
692,252.0,0.023811999999452382,-4.0399999999999805,0.9684922760315186
693,317.0,0.03745299999900453,-5.339999999999953,1.0535841330610016
694,219.0,0.031790999999429914,-3.3799999999999946,0.9248901082082845
695,195.0,0.02557600000000093,-2.900000000000003,0.9905608092733795
696,500.0,0.050105999998777406,-10.019999999999875,-0.005193898712889
697,284.0,0.028580000000147265,-4.679999999999967,0.588905007570742
698,143.0,0.024026999999477994,-1.860000000000002,0.05889050075707414
699,236.0,0.03385600000001432,-3.7199999999999873,0.3314200270471108
700,224.0,0.03135199999996985,-3.4799999999999924,0.033142002704711127
701,183.0,0.01660000000083528,-2.660000000000003,0.003314200270471135
702,219.0,0.023691000000326312,-3.3799999999999946,0.09905608092733797
703,135.0,0.01233200000024226,-1.700000000000002,0.0003314200270472245
704,258.0,0.02669199999945704,-4.159999999999978,0.22482286540485452
705,155.0,0.01460899999983667,-2.1000000000000023,0.022482286540485452
706,154.0,0.017960999999559135,-2.0800000000000023,0.002248228654048501
707,408.0,0.06161700000120618,-7.159999999999915,0.9381117286387557
708,204.0,0.03266599999915343,-3.080000000000001,0.09381117286387552
709,357.0,0.04043699999965611,-6.139999999999936,0.26711644666916534
710,266.0,0.023784999999406864,-4.3199999999999745,0.026711644666916556
711,174.0,0.016821999999592663,-2.4800000000000026,1.0714931674023749
712,159.0,0.014443000000028405,-2.1800000000000024,0.10714931674023753
713,159.0,0.014009000000442029,-2.1800000000000024,0.010714931674023709
714,99.0,0.013026000000536442,-0.9800000000000013,0.0010714931674024042
715,302.0,0.035647000000608386,-5.039999999999959,0.10817235933294489
716,152.0,0.02187899999989895,-2.0400000000000023,0.002671164466691689
717,291.0,0.04006399999889254,-4.819999999999964,0.010817235933294533
718,190.0,0.027358999999705702,-2.800000000000003,0.7843621921021944
719,223.0,0.038021000000298955,-3.459999999999993,0.5257213471384543
720,225.0,0.0343059999995603,-3.499999999999992,0.052572134713845475
721,211.0,0.03298699999868404,-3.219999999999998,0.9485825312591979
722,163.0,0.023534999998446438,-2.2600000000000025,0.09485825312591978
723,500.0,0.07151299999895855,-10.019999999999875,0.02055155810144732
724,158.0,0.02567099999942002,-2.1600000000000024,0.9104422602220695
725,307.0,0.04509900000084599,-5.139999999999957,0.26938949148633695
726,288.0,0.03811200000018289,-4.759999999999965,0.337076047157048
727,215.0,0.026499000001422246,-3.2999999999999963,0.033707604715704775
728,160.0,0.02197399999931804,-2.2000000000000024,0.11114224548384044
729,206.0,0.026620000000548316,-3.12,0.011114224548384066
730,218.0,0.03171199999997043,-3.359999999999995,1.0203046435312633
731,156.0,0.02319099999840546,-2.1200000000000023,0.49198998633029967
732,500.0,0.0691370000004099,-10.019999999999875,-0.02754455787473565
733,207.0,0.031520000000455184,-3.1399999999999997,0.2471646608665108
734,377.0,0.049939000000449596,-6.539999999999927,0.9403017584335411
735,500.0,0.052405000000362634,-10.019999999999875,4.073172296742422e-05
736,174.0,0.014855000001261942,-2.4800000000000026,0.09403017584335405
737,281.0,0.02748299999984738,-4.619999999999968,0.22489188579931318
738,286.0,0.024660000000949367,-4.719999999999966,0.30254352238064497
739,235.0,0.024406000000453787,-3.6999999999999877,0.8492895459282772
740,327.0,0.029238999999506632,-5.5399999999999485,0.7708611719981036
741,194.0,0.016884999999092543,-2.880000000000003,0.5549081453436411
742,265.0,0.025935000001481967,-4.299999999999975,0.9770052951300869
743,309.0,0.029509999998481362,-5.179999999999956,0.9422194844428445
744,255.0,0.025418000001081964,-4.099999999999979,0.5984546074011767
745,150.0,0.01617699999951583,-2.000000000000002,0.9431812333736919
746,241.0,0.025166000001263455,-3.819999999999985,0.05984546074011754
747,287.0,0.03302599999915401,-4.739999999999966,1.0355144176038487
748,436.0,0.05169399999977031,-7.719999999999903,0.7499142643199918
749,401.0,0.036401999999725376,-7.019999999999918,0.5146790151227245
750,303.0,0.02442700000028708,-5.059999999999959,0.05146790151227243
751,198.0,0.018440000001646695,-2.960000000000003,0.1763170515078306
752,138.0,0.033833000001322944,-1.760000000000002,0.7712326527066136
753,161.0,0.03939400000126625,-2.2200000000000024,0.6241976738007684
754,217.0,0.03506999999990512,-3.3399999999999954,0.7279269023424315
755,190.0,0.01621499999964726,-2.800000000000003,0.7449463722679722
756,175.0,0.013392999999268795,-2.5000000000000027,0.16487684177058126
757,185.0,0.013275999999677879,-2.700000000000003,0.07449463722679717
758,277.0,0.026459999999133288,-4.53999999999997,0.01648768417705815
759,462.0,0.047787999999854947,-8.239999999999892,0.0016487684177057815
760,190.0,0.018862999999328167,-2.800000000000003,0.4515770086936882
761,291.0,0.026108000000022002,-4.819999999999964,0.6017575574872533
762,187.0,0.017864000001281966,-2.740000000000003,0.4959636907168825
763,222.0,0.02271400000063295,-3.4399999999999933,1.0052020296450475
764,500.0,0.05654999999933352,-10.019999999999875,-0.000112758669836871
765,227.0,0.02851600000030885,-3.539999999999991,0.10052020296450459
766,166.0,0.0161019999995915,-2.3200000000000025,0.9823544338692881
767,242.0,0.027539999999135034,-3.8399999999999848,0.0982354433869288
768,248.0,0.023564999999507563,-3.959999999999982,0.9192313242047859
769,422.0,0.038074000000051456,-7.439999999999909,0.9716005609886552
770,235.0,0.024705999998332118,-3.6999999999999877,0.4892000684776202
771,249.0,0.037168999999266816,-3.9799999999999818,1.0102017688109521
772,178.0,0.026545999999143532,-2.5600000000000027,0.2900777785737335
773,164.0,0.026083000000653556,-2.2800000000000025,0.7916065952451719
774,274.0,0.04102200000124867,-4.479999999999971,0.949910159470181
775,149.0,0.021345000001019798,-1.9800000000000022,0.2850850304042243
776,309.0,0.04952700000103505,-5.179999999999956,0.5458217361932676
777,226.0,0.03445300000021234,-3.5199999999999916,0.05458217361932671
778,182.0,0.026148000000830507,-2.640000000000003,0.11304183125406997
779,193.0,0.026495000000068103,-2.860000000000003,0.011304183125407041
780,307.0,0.04775100000006205,-5.139999999999957,0.10910353411912332
781,192.0,0.03127599999970698,-2.840000000000003,0.010910353411912377
782,191.0,0.02877000000080443,-2.820000000000003,0.10906769561519536
783,287.0,0.046828000000459724,-4.739999999999966,0.2622160686954227
784,205.0,0.030581000000893255,-3.1000000000000005,0.5438776868422178
785,164.0,0.02510700000129873,-2.2800000000000025,0.2827416549274291
786,119.0,0.015789999999469728,-1.3800000000000017,0.028274165492742975
787,311.0,0.037921999999525724,-5.219999999999955,0.4208572110567852
788,257.0,0.022269999999480206,-4.139999999999978,0.0028274165492743197
789,209.0,0.018771999999444233,-3.179999999999999,0.00028274165492736536
790,258.0,0.025021000001288485,-4.159999999999978,2.8274165492669923e-05
791,433.0,0.03692799999953422,-7.659999999999904,0.10807742640377127
792,108.0,0.009460999999646447,-1.1600000000000015,0.24402046438814207
793,248.0,0.021655000000464497,-3.959999999999982,0.2961434682778774
794,148.0,0.014712000000145053,-1.9600000000000022,0.7004207323440861
795,164.0,0.01430900000013935,-2.2800000000000025,0.8455700389448015
796,296.0,0.025562999999237945,-4.919999999999962,0.9556137346345364
797,327.0,0.03087500000037835,-5.5399999999999485,0.0955613734634535
798,161.0,0.01833699999951932,-2.2200000000000024,0.11677093843988551
799,243.0,0.020574000000124215,-3.8599999999999843,0.9433636075977928
800,284.0,0.025061000000278,-4.679999999999967,1.0131840426804073
801,134.0,0.012214000000312808,-1.680000000000002,0.10131840426804073
802,267.0,0.023545000000012806,-4.339999999999974,0.9109677629552084
803,134.0,0.01216999999996915,-1.680000000000002,0.9774455411573663
804,123.0,0.010587000000668922,-1.4600000000000017,1.0235989407337514
805,236.0,0.020851999999649706,-3.7199999999999873,0.9088292918357677
806,148.0,0.012952000000950648,-1.9600000000000022,0.5618387418586943
807,276.0,0.023697000000538537,-4.51999999999997,1.0578653236617532
808,227.0,0.01960499999950116,-3.539999999999991,0.1057865323661753
809,291.0,0.025028000000020256,-4.819999999999964,0.28599451534387965
810,206.0,0.017251999999643886,-3.12,0.02859945153438792
811,135.0,0.011989000000539818,-1.700000000000002,0.010578653236617552
812,143.0,0.012478000000555767,-1.860000000000002,0.8703385341312211
813,173.0,0.01453600000058941,-2.4600000000000026,0.8721272663091921
814,173.0,0.016990000000078,-2.4600000000000026,0.7612463568125856
815,255.0,0.022058999998989748,-4.099999999999979,0.9113964620750555
816,145.0,0.012517999999545282,-1.9000000000000021,0.878930736522029
817,269.0,0.0264790000001085,-4.379999999999973,0.7207823265726163
818,156.0,0.013748999999734224,-2.1200000000000023,1.0809553711357245
819,195.0,0.021575000000666478,-2.900000000000003,0.10809553711357256
820,286.0,0.03566499999942607,-4.719999999999966,1.0538005322495958
821,206.0,0.02135900000030233,-3.12,0.10538005322495958
822,278.0,0.040222999999969034,-4.559999999999969,0.010538005322495936
823,171.0,0.01922500000000582,-2.4200000000000026,0.20729562231925458
824,245.0,0.02584700000079465,-3.8999999999999835,0.12693875508576347
825,281.0,0.030692000000271946,-4.619999999999968,0.012693875508576369
826,152.0,0.016147000000273692,-2.0400000000000023,0.0012693875508575925
827,212.0,0.021101000000271597,-3.2399999999999975,0.00012693875508573704
828,204.0,0.02272100000118371,-3.080000000000001,0.10808640488142407
829,198.0,0.02001600000039616,-2.960000000000003,0.010808640488142451
830,176.0,0.018733000000793254,-2.5200000000000027,0.20731803361732182
831,337.0,0.03496400000040012,-5.739999999999944,0.010809553711357278
832,248.0,0.02824499999951513,-3.959999999999982,0.5341009556974937
833,325.0,0.03246500000022934,-5.499999999999949,1.0478672281072643
834,183.0,0.018259000000398373,-2.660000000000003,0.2575367841005597
835,186.0,0.021222999999736203,-2.720000000000003,0.4211957812544882
836,188.0,0.02051699999901757,-2.760000000000003,0.7727197526247589
837,175.0,0.017348000001220498,-2.5000000000000027,0.17839235094356443
838,195.0,0.026299000001017703,-2.900000000000003,0.017839235094356476
839,172.0,0.026112999999895692,-2.4400000000000026,0.001783923509435681
840,123.0,0.01900700000078359,-1.4600000000000017,0.10823719049406988
841,136.0,0.020582999999533058,-1.720000000000002,0.8232500322785951
842,165.0,0.025340000000142027,-2.3000000000000025,0.08232500322785952
843,251.0,0.043408999999883235,-4.019999999999981,0.8371354505680811
844,422.0,0.07375500000125612,-7.439999999999909,0.32373151175590975
845,272.0,0.0420269999995071,-4.439999999999972,0.13753442102449898
846,314.0,0.05187599999953818,-5.279999999999954,0.21781219550353736
847,151.0,0.02641600000060862,-2.0200000000000022,0.8865636817274033
848,207.0,0.036591000000044005,-3.1399999999999997,0.2836287625889726
849,196.0,0.034931000000142376,-2.920000000000003,0.839900120208328
850,136.0,0.02488699999958044,-1.720000000000002,0.13388507085030776
851,500.0,0.07504400000107125,-10.019999999999875,0.021934410507125662
852,291.0,0.04689499999949476,-4.819999999999964,0.12025839490208934
853,295.0,0.038822000000436674,-4.899999999999962,0.4958668241057569
854,212.0,0.026814000000740634,-3.2399999999999975,1.0255479573214803
855,190.0,0.019994000000224332,-2.800000000000003,1.029540553032626
856,298.0,0.034362999998847954,-4.959999999999961,1.037953995391915
857,273.0,0.03265399999872898,-4.4599999999999715,0.7897294368498262
858,500.0,0.05225100000097882,-10.019999999999875,-0.0013265405695097043
859,137.0,0.014196000000083586,-1.740000000000002,0.8949215163209765
860,181.0,0.019765999999435735,-2.6200000000000028,0.08949215163209767
861,347.0,0.03746599999976752,-5.93999999999994,0.8549831166592514
862,230.0,0.02394599999934144,-3.59999999999999,0.08549831166592514
863,148.0,0.01824500000111584,-1.9600000000000022,0.4918958461662476
864,249.0,0.02937500000007276,-3.9799999999999818,0.5361291377191304
865,241.0,0.033833000001322944,-3.819999999999985,0.25081982399301983
866,238.0,0.02845299999898998,-3.7599999999999865,0.22719335972336063
867,379.0,0.03719400000045425,-6.579999999999926,0.240945878744519
868,133.0,0.01472500000090804,-1.660000000000002,0.43611475550516177
869,500.0,0.055856999999377877,-8.999999999999876,0.2881348987575545
870,166.0,0.021254000001135864,-2.3200000000000025,0.9411577864530267
871,165.0,0.02329500000087137,-2.3000000000000025,0.028813489875755494
872,230.0,0.0354910000005475,-3.59999999999999,0.002881348987575527
873,163.0,0.02435700000023644,-2.2600000000000025,0.5952290845271793
874,203.0,0.020513000001301407,-3.0600000000000014,0.43274374776801894
875,212.0,0.023774999999659485,-3.2399999999999975,0.6433412891224204
876,154.0,0.015869999999267748,-2.0800000000000023,0.7333745437499555
877,167.0,0.01610600000094564,-2.3400000000000025,0.07333745437499561
878,149.0,0.015211999998427927,-1.9800000000000022,0.11474856180283588
879,159.0,0.015541999999186373,-2.1800000000000024,0.3303790815705758
880,262.0,0.024844999999913853,-4.239999999999976,0.11851697257876936
881,212.0,0.02287100000103237,-3.2399999999999975,0.011851697257876936
882,177.0,0.017700000000331784,-2.5400000000000027,0.03303790815705754
883,126.0,0.014602999999624444,-1.5200000000000018,0.0011851697257876381
884,264.0,0.03549399999974412,-4.279999999999975,0.00011851697257880822
885,290.0,0.037379999999757274,-4.799999999999964,0.3087675937405189
886,217.0,0.034814999999071006,-3.3399999999999954,0.25046537430970295
887,182.0,0.02860099999998056,-2.640000000000003,0.025046537430970295
888,358.0,0.05884599999990314,-6.159999999999935,0.0025046537430970517
889,237.0,0.04147399999965273,-3.739999999999987,0.23022581129773112
890,202.0,0.03383199999916542,-3.040000000000002,0.023022581129773068
891,208.0,0.03847700000005716,-3.1599999999999993,0.4813651930572932
892,302.0,0.05253699999957462,-5.039999999999959,0.6537034477811197
893,92.0,0.015068999999130028,-0.8400000000000012,0.15187908602292488
894,500.0,0.07946500000070955,-10.019999999999875,-0.021384639123905078
895,234.0,0.0406089999996766,-3.679999999999988,0.06537034477811199
896,188.0,0.03286300000036135,-2.760000000000003,0.006537034477811177
897,346.0,0.042871999999988475,-5.91999999999994,0.000653703447781151
898,166.0,0.020524999999906868,-2.3200000000000025,0.5141074358488653
899,223.0,0.026426000000355998,-3.459999999999993,0.05141074358488651
900,222.0,0.022540999998454936,-3.4399999999999933,0.5118196203261682
901,377.0,0.04898200000025099,-6.539999999999927,0.05118196203261682
902,274.0,0.03904300000067451,-4.479999999999971,0.9030118718702502
903,500.0,0.07027899999957299,-10.019999999999875,-8.307713174560138e-06
904,114.0,0.016384000000471133,-1.2800000000000016,0.0051181962032617045
905,304.0,0.0356709999996383,-5.079999999999958,0.09030118718702496
906,200.0,0.027019999999538413,-3.0000000000000027,0.8331337914031937
907,429.0,0.05775100000028033,-7.579999999999906,0.9183534437833695
908,201.0,0.02012499999909778,-3.0200000000000022,0.09183534437833696
909,140.0,0.017777000000933185,-1.800000000000002,0.009183534437833707
910,123.0,0.015074000000822707,-1.4600000000000017,0.0009183534437833263
911,201.0,0.024120000000039,-3.0200000000000022,9.183534437839924e-05
912,215.0,0.0257579999997688,-3.2999999999999963,0.562572027451812
913,180.0,0.022444999998697313,-2.6000000000000028,0.24522622325777876
914,290.0,0.03192099999978382,-4.799999999999964,0.13039043977116915
915,338.0,0.03894099999888567,-5.759999999999944,0.3094293503931034
916,384.0,0.04704900000069756,-6.679999999999924,0.6730619863078424
917,149.0,0.022324999999909778,-1.9800000000000022,0.6372683836750888
918,368.0,0.052343999999720836,-6.359999999999931,0.7451118436721915
919,138.0,0.02307900000050722,-1.760000000000002,0.07451118436721926
920,417.0,0.059997000000294065,-7.339999999999911,0.8002975687195947
921,294.0,0.03592700000081095,-4.879999999999963,0.8471944130683111
922,141.0,0.016851000000315253,-1.820000000000002,0.3366334161570166
923,201.0,0.024887999999918975,-3.0200000000000022,0.2765791394446854
924,202.0,0.025878000000375323,-3.040000000000002,0.13324355514417774
925,112.0,0.013154000000213273,-1.2400000000000015,0.12020001697283156
926,386.0,0.04684900000029302,-6.719999999999923,0.22214962124152915
927,473.0,0.06616699999904085,-8.459999999999887,0.3654841749100729
928,247.0,0.04334000000017113,-3.9399999999999826,0.8592125241637595
929,409.0,0.07427699999971082,-7.1799999999999145,0.8419014433504751
930,293.0,0.04835299999831477,-4.859999999999963,0.895379858249755
931,120.0,0.020639000000301166,-1.4000000000000017,0.2818549159200088
932,151.0,0.031084000000191736,-2.0200000000000022,0.6982549634657269
933,348.0,0.0649730000004638,-5.95999999999994,0.02818549159200079
934,279.0,0.04405399999996007,-4.579999999999969,0.5827713502840335
935,193.0,0.028363999999783118,-2.860000000000003,0.3676029124144927
936,106.0,0.018599000000904198,-1.1200000000000014,0.036760291241449305
937,243.0,0.03706899999997404,-3.8599999999999843,0.05827713502840326
938,216.0,0.03833599999961734,-3.319999999999996,0.003676029124144886
939,188.0,0.031226999999489635,-2.760000000000003,0.21609157620264852
940,199.0,0.03012699999999313,-2.980000000000003,0.02160915762026483
941,471.0,0.07872499999939464,-8.419999999999888,1.040768616615918
942,215.0,0.03750500000023749,-3.2999999999999963,0.9552409014017074
943,231.0,0.034394000000247615,-3.6199999999999894,0.20278479756675982
944,362.0,0.05045400000017253,-6.239999999999934,1.008612831100894
945,260.0,0.030971000000135973,-4.199999999999977,0.02027847975667596
946,333.0,0.03637999999955355,-5.659999999999946,0.9044729309547077
947,153.0,0.020416000001205248,-2.0600000000000023,0.9196375720657332
948,154.0,0.022920999999769265,-2.0800000000000023,0.09196375720657335
949,215.0,0.03572100000019418,-3.2999999999999963,0.009196375720657346
950,500.0,0.07528500000080385,-10.019999999999875,0.1565614349945481
951,350.0,0.05055499999980384,-5.999999999999939,0.8453559499046741
952,154.0,0.02047599999968952,-2.0800000000000023,0.2409681639385144
953,420.0,0.05381200000010722,-7.39999999999991,0.8435050459197112
954,186.0,0.02566599999954633,-2.720000000000003,0.08435050459197113
955,227.0,0.03387499999917054,-3.539999999999991,0.7837806668729528
956,320.0,0.04356100000040897,-5.3999999999999515,0.1793988941401501
957,500.0,0.06056399999943096,-10.019999999999875,-0.00032067622169304477
958,319.0,0.040009999998801504,-5.379999999999952,0.124400152821465
959,188.0,0.024468999999953667,-2.760000000000003,0.9690535479267
960,214.0,0.03312900000128138,-3.2799999999999967,0.9923253362835209
961,395.0,0.050156999999671825,-6.8999999999999195,0.35079910846605533
962,152.0,0.021582999999736785,-2.0400000000000023,0.13999757232512244
963,287.0,0.03908200000114448,-4.739999999999966,0.013999757232512233
964,366.0,0.04944700000123703,-6.319999999999932,0.10934883136286999
965,188.0,0.03328499999952328,-2.760000000000003,0.9001915561320641
966,213.0,0.03329200000007404,-3.259999999999997,0.010934883136286988
967,159.0,0.02514800000062678,-2.1800000000000024,0.5049457688491624
968,151.0,0.024233000000094762,-2.0200000000000022,0.10906992782011338
969,185.0,0.030973000000813045,-2.700000000000003,0.24937060897431151
970,408.0,0.06018899999980931,-7.159999999999915,0.6120833300815792
971,167.0,0.02841199999966193,-2.3400000000000025,0.6699708080154572
972,235.0,0.045744000000922824,-3.6999999999999877,0.6570176210537626
973,237.0,0.0366649999996298,-3.739999999999987,0.06570176210537626
974,229.0,0.03056500000093365,-3.5799999999999903,0.8719760753654
975,368.0,0.052971000000979984,-6.359999999999931,0.7502750170588681
976,109.0,0.015656999999919208,-1.1800000000000015,0.440926939466614
977,203.0,0.025567999999111635,-3.0600000000000014,0.04409269394666138
978,199.0,0.032311000000845524,-2.980000000000003,0.11208728860385753
979,230.0,0.0358090000008815,-3.59999999999999,0.011208728860385708
980,186.0,0.027657999999064486,-2.720000000000003,0.8711752455607419
981,276.0,0.04238600000098813,-4.51999999999997,0.08711752455607413
982,314.0,0.045997999999599415,-5.279999999999954,0.7192273967214646
983,381.0,0.056822999998985324,-6.6199999999999255,0.6063365436111847
984,125.0,0.0202530000005936,-1.5000000000000018,0.3892428826086307
985,221.0,0.03167300000131945,-3.4199999999999937,0.06063365436111845
986,243.0,0.02746599999954924,-3.8599999999999843,0.03892428826086314
987,366.0,0.0452499999992142,-6.319999999999932,0.6626152608265956
988,382.0,0.04624800000055984,-6.639999999999925,0.5323974984805263
989,452.0,0.06467199999860895,-8.039999999999896,0.4729960717417553
990,214.0,0.022081999999500113,-3.2799999999999967,0.28958234904044333
991,150.0,0.017898000000059255,-2.000000000000002,0.477946142814331
992,204.0,0.036845000000539585,-3.080000000000001,0.6547643543611883
993,274.0,0.04378299999916635,-4.479999999999971,0.06547643543611881
994,161.0,0.031063000000358443,-2.2200000000000024,0.6714585632936055
995,194.0,0.035497000000759726,-2.880000000000003,0.3465189263443176
996,150.0,0.0260920000000624,-2.000000000000002,0.03465189263443169
997,266.0,0.04618099999970582,-4.3199999999999745,0.21920217257925534
998,500.0,0.07204400000046007,-10.019999999999875,-5.0796526032126366e-06
999,212.0,0.033425999999963096,-3.2399999999999975,0.0034651892634431913
1000,0.0,0.0,0.0,0.0
1001,0.0,0.0,0.0,0.0
1002,0.0,0.0,0.0,0.0
1003,0.0,0.0,0.0,0.0
1004,0.0,0.0,0.0,0.0
1005,0.0,0.0,0.0,0.0
1006,0.0,0.0,0.0,0.0
1007,0.0,0.0,0.0,0.0
1008,0.0,0.0,0.0,0.0
1009,0.0,0.0,0.0,0.0
1010,0.0,0.0,0.0,0.0
1011,0.0,0.0,0.0,0.0
1012,0.0,0.0,0.0,0.0
1013,0.0,0.0,0.0,0.0
1014,0.0,0.0,0.0,0.0
1015,0.0,0.0,0.0,0.0
1016,0.0,0.0,0.0,0.0
1017,0.0,0.0,0.0,0.0
1018,0.0,0.0,0.0,0.0
1019,0.0,0.0,0.0,0.0
1020,0.0,0.0,0.0,0.0
1021,0.0,0.0,0.0,0.0
1022,0.0,0.0,0.0,0.0
1023,0.0,0.0,0.0,0.0
1024,0.0,0.0,0.0,0.0
1025,0.0,0.0,0.0,0.0
1026,0.0,0.0,0.0,0.0
1027,0.0,0.0,0.0,0.0
1028,0.0,0.0,0.0,0.0
1029,0.0,0.0,0.0,0.0
1030,0.0,0.0,0.0,0.0
1031,0.0,0.0,0.0,0.0
1032,0.0,0.0,0.0,0.0
1033,0.0,0.0,0.0,0.0
1034,0.0,0.0,0.0,0.0
1035,0.0,0.0,0.0,0.0
1036,0.0,0.0,0.0,0.0
1037,0.0,0.0,0.0,0.0
1038,0.0,0.0,0.0,0.0
1039,0.0,0.0,0.0,0.0
1040,0.0,0.0,0.0,0.0
1041,0.0,0.0,0.0,0.0
1042,0.0,0.0,0.0,0.0
1043,0.0,0.0,0.0,0.0
1044,0.0,0.0,0.0,0.0
1045,0.0,0.0,0.0,0.0
1046,0.0,0.0,0.0,0.0
1047,0.0,0.0,0.0,0.0
1048,0.0,0.0,0.0,0.0
1049,0.0,0.0,0.0,0.0
1050,0.0,0.0,0.0,0.0
1051,0.0,0.0,0.0,0.0
1052,0.0,0.0,0.0,0.0
1053,0.0,0.0,0.0,0.0
1054,0.0,0.0,0.0,0.0
1055,0.0,0.0,0.0,0.0
1056,0.0,0.0,0.0,0.0
1057,0.0,0.0,0.0,0.0
1058,0.0,0.0,0.0,0.0
1059,0.0,0.0,0.0,0.0
1060,0.0,0.0,0.0,0.0
1061,0.0,0.0,0.0,0.0
1062,0.0,0.0,0.0,0.0
1063,0.0,0.0,0.0,0.0
1064,0.0,0.0,0.0,0.0
1065,0.0,0.0,0.0,0.0
1066,0.0,0.0,0.0,0.0
1067,0.0,0.0,0.0,0.0
1068,0.0,0.0,0.0,0.0
1069,0.0,0.0,0.0,0.0
1070,0.0,0.0,0.0,0.0
1071,0.0,0.0,0.0,0.0
1072,0.0,0.0,0.0,0.0
1073,0.0,0.0,0.0,0.0
1074,0.0,0.0,0.0,0.0
1075,0.0,0.0,0.0,0.0
1076,0.0,0.0,0.0,0.0
1077,0.0,0.0,0.0,0.0
1078,0.0,0.0,0.0,0.0
1079,0.0,0.0,0.0,0.0
1080,0.0,0.0,0.0,0.0
1081,0.0,0.0,0.0,0.0
1082,0.0,0.0,0.0,0.0
1083,0.0,0.0,0.0,0.0
1084,0.0,0.0,0.0,0.0
1085,0.0,0.0,0.0,0.0
1086,0.0,0.0,0.0,0.0
1087,0.0,0.0,0.0,0.0
1088,0.0,0.0,0.0,0.0
1089,0.0,0.0,0.0,0.0
1090,0.0,0.0,0.0,0.0
1091,0.0,0.0,0.0,0.0
1092,0.0,0.0,0.0,0.0
1093,0.0,0.0,0.0,0.0
1094,0.0,0.0,0.0,0.0
1095,0.0,0.0,0.0,0.0
1096,0.0,0.0,0.0,0.0
1097,0.0,0.0,0.0,0.0
1098,0.0,0.0,0.0,0.0
1099,0.0,0.0,0.0,0.0
1100,0.0,0.0,0.0,0.0
1101,0.0,0.0,0.0,0.0
1102,0.0,0.0,0.0,0.0
1103,0.0,0.0,0.0,0.0
1104,0.0,0.0,0.0,0.0
1105,0.0,0.0,0.0,0.0
1106,0.0,0.0,0.0,0.0
1107,0.0,0.0,0.0,0.0
1108,0.0,0.0,0.0,0.0
1109,0.0,0.0,0.0,0.0
1110,0.0,0.0,0.0,0.0
1111,0.0,0.0,0.0,0.0
1112,0.0,0.0,0.0,0.0
1113,0.0,0.0,0.0,0.0
1114,0.0,0.0,0.0,0.0
1115,0.0,0.0,0.0,0.0
1116,0.0,0.0,0.0,0.0
1117,0.0,0.0,0.0,0.0
1118,0.0,0.0,0.0,0.0
1119,0.0,0.0,0.0,0.0
1120,0.0,0.0,0.0,0.0
1121,0.0,0.0,0.0,0.0
1122,0.0,0.0,0.0,0.0
1123,0.0,0.0,0.0,0.0
1124,0.0,0.0,0.0,0.0
1125,0.0,0.0,0.0,0.0
1126,0.0,0.0,0.0,0.0
1127,0.0,0.0,0.0,0.0
1128,0.0,0.0,0.0,0.0
1129,0.0,0.0,0.0,0.0
1130,0.0,0.0,0.0,0.0
1131,0.0,0.0,0.0,0.0
1132,0.0,0.0,0.0,0.0
1133,0.0,0.0,0.0,0.0
1134,0.0,0.0,0.0,0.0
1135,0.0,0.0,0.0,0.0
1136,0.0,0.0,0.0,0.0
1137,0.0,0.0,0.0,0.0
1138,0.0,0.0,0.0,0.0
1139,0.0,0.0,0.0,0.0
1140,0.0,0.0,0.0,0.0
1141,0.0,0.0,0.0,0.0
1142,0.0,0.0,0.0,0.0
1143,0.0,0.0,0.0,0.0
1144,0.0,0.0,0.0,0.0
1145,0.0,0.0,0.0,0.0
1146,0.0,0.0,0.0,0.0
1147,0.0,0.0,0.0,0.0
1148,0.0,0.0,0.0,0.0
1149,0.0,0.0,0.0,0.0
1150,0.0,0.0,0.0,0.0
1151,0.0,0.0,0.0,0.0
1152,0.0,0.0,0.0,0.0
1153,0.0,0.0,0.0,0.0
1154,0.0,0.0,0.0,0.0
1155,0.0,0.0,0.0,0.0
1156,0.0,0.0,0.0,0.0
1157,0.0,0.0,0.0,0.0
1158,0.0,0.0,0.0,0.0
1159,0.0,0.0,0.0,0.0
1160,0.0,0.0,0.0,0.0
1161,0.0,0.0,0.0,0.0
1162,0.0,0.0,0.0,0.0
1163,0.0,0.0,0.0,0.0
1164,0.0,0.0,0.0,0.0
1165,0.0,0.0,0.0,0.0
1166,0.0,0.0,0.0,0.0
1167,0.0,0.0,0.0,0.0
1168,0.0,0.0,0.0,0.0
1169,0.0,0.0,0.0,0.0
1170,0.0,0.0,0.0,0.0
1171,0.0,0.0,0.0,0.0
1172,0.0,0.0,0.0,0.0
1173,0.0,0.0,0.0,0.0
1174,0.0,0.0,0.0,0.0
1175,0.0,0.0,0.0,0.0
1176,0.0,0.0,0.0,0.0
1177,0.0,0.0,0.0,0.0
1178,0.0,0.0,0.0,0.0
1179,0.0,0.0,0.0,0.0
1180,0.0,0.0,0.0,0.0
1181,0.0,0.0,0.0,0.0
1182,0.0,0.0,0.0,0.0
1183,0.0,0.0,0.0,0.0
1184,0.0,0.0,0.0,0.0
1185,0.0,0.0,0.0,0.0
1186,0.0,0.0,0.0,0.0
1187,0.0,0.0,0.0,0.0
1188,0.0,0.0,0.0,0.0
1189,0.0,0.0,0.0,0.0
1190,0.0,0.0,0.0,0.0
1191,0.0,0.0,0.0,0.0
1192,0.0,0.0,0.0,0.0
1193,0.0,0.0,0.0,0.0
1194,0.0,0.0,0.0,0.0
1195,0.0,0.0,0.0,0.0
1196,0.0,0.0,0.0,0.0
1197,0.0,0.0,0.0,0.0
1198,0.0,0.0,0.0,0.0
1199,0.0,0.0,0.0,0.0
1200,0.0,0.0,0.0,0.0
1201,0.0,0.0,0.0,0.0
1202,0.0,0.0,0.0,0.0
1203,0.0,0.0,0.0,0.0
1204,0.0,0.0,0.0,0.0
1205,0.0,0.0,0.0,0.0
1206,0.0,0.0,0.0,0.0
1207,0.0,0.0,0.0,0.0
1208,0.0,0.0,0.0,0.0
1209,0.0,0.0,0.0,0.0
1210,0.0,0.0,0.0,0.0
1211,0.0,0.0,0.0,0.0
1212,0.0,0.0,0.0,0.0
1213,0.0,0.0,0.0,0.0
1214,0.0,0.0,0.0,0.0
1215,0.0,0.0,0.0,0.0
1216,0.0,0.0,0.0,0.0
1217,0.0,0.0,0.0,0.0
1218,0.0,0.0,0.0,0.0
1219,0.0,0.0,0.0,0.0
1220,0.0,0.0,0.0,0.0
1221,0.0,0.0,0.0,0.0
1222,0.0,0.0,0.0,0.0
1223,0.0,0.0,0.0,0.0
1224,0.0,0.0,0.0,0.0
1225,0.0,0.0,0.0,0.0
1226,0.0,0.0,0.0,0.0
1227,0.0,0.0,0.0,0.0
1228,0.0,0.0,0.0,0.0
1229,0.0,0.0,0.0,0.0
1230,0.0,0.0,0.0,0.0
1231,0.0,0.0,0.0,0.0
1232,0.0,0.0,0.0,0.0
1233,0.0,0.0,0.0,0.0
1234,0.0,0.0,0.0,0.0
1235,0.0,0.0,0.0,0.0
1236,0.0,0.0,0.0,0.0
1237,0.0,0.0,0.0,0.0
1238,0.0,0.0,0.0,0.0
1239,0.0,0.0,0.0,0.0
1240,0.0,0.0,0.0,0.0
1241,0.0,0.0,0.0,0.0
1242,0.0,0.0,0.0,0.0
1243,0.0,0.0,0.0,0.0
1244,0.0,0.0,0.0,0.0
1245,0.0,0.0,0.0,0.0
1246,0.0,0.0,0.0,0.0
1247,0.0,0.0,0.0,0.0
1248,0.0,0.0,0.0,0.0
1249,0.0,0.0,0.0,0.0
1250,0.0,0.0,0.0,0.0
1251,0.0,0.0,0.0,0.0
1252,0.0,0.0,0.0,0.0
1253,0.0,0.0,0.0,0.0
1254,0.0,0.0,0.0,0.0
1255,0.0,0.0,0.0,0.0
1256,0.0,0.0,0.0,0.0
1257,0.0,0.0,0.0,0.0
1258,0.0,0.0,0.0,0.0
1259,0.0,0.0,0.0,0.0
1260,0.0,0.0,0.0,0.0
1261,0.0,0.0,0.0,0.0
1262,0.0,0.0,0.0,0.0
1263,0.0,0.0,0.0,0.0
1264,0.0,0.0,0.0,0.0
1265,0.0,0.0,0.0,0.0
1266,0.0,0.0,0.0,0.0
1267,0.0,0.0,0.0,0.0
1268,0.0,0.0,0.0,0.0
1269,0.0,0.0,0.0,0.0
1270,0.0,0.0,0.0,0.0
1271,0.0,0.0,0.0,0.0
1272,0.0,0.0,0.0,0.0
1273,0.0,0.0,0.0,0.0
1274,0.0,0.0,0.0,0.0
1275,0.0,0.0,0.0,0.0
1276,0.0,0.0,0.0,0.0
1277,0.0,0.0,0.0,0.0
1278,0.0,0.0,0.0,0.0
1279,0.0,0.0,0.0,0.0
1280,0.0,0.0,0.0,0.0
1281,0.0,0.0,0.0,0.0
1282,0.0,0.0,0.0,0.0
1283,0.0,0.0,0.0,0.0
1284,0.0,0.0,0.0,0.0
1285,0.0,0.0,0.0,0.0
1286,0.0,0.0,0.0,0.0
1287,0.0,0.0,0.0,0.0
1288,0.0,0.0,0.0,0.0
1289,0.0,0.0,0.0,0.0
1290,0.0,0.0,0.0,0.0
1291,0.0,0.0,0.0,0.0
1292,0.0,0.0,0.0,0.0
1293,0.0,0.0,0.0,0.0
1294,0.0,0.0,0.0,0.0
1295,0.0,0.0,0.0,0.0
1296,0.0,0.0,0.0,0.0
1297,0.0,0.0,0.0,0.0
1298,0.0,0.0,0.0,0.0
1299,0.0,0.0,0.0,0.0
1300,0.0,0.0,0.0,0.0
1301,0.0,0.0,0.0,0.0
1302,0.0,0.0,0.0,0.0
1303,0.0,0.0,0.0,0.0
1304,0.0,0.0,0.0,0.0
1305,0.0,0.0,0.0,0.0
1306,0.0,0.0,0.0,0.0
1307,0.0,0.0,0.0,0.0
1308,0.0,0.0,0.0,0.0
1309,0.0,0.0,0.0,0.0
1310,0.0,0.0,0.0,0.0
1311,0.0,0.0,0.0,0.0
1312,0.0,0.0,0.0,0.0
1313,0.0,0.0,0.0,0.0
1314,0.0,0.0,0.0,0.0
1315,0.0,0.0,0.0,0.0
1316,0.0,0.0,0.0,0.0
1317,0.0,0.0,0.0,0.0
1318,0.0,0.0,0.0,0.0
1319,0.0,0.0,0.0,0.0
1320,0.0,0.0,0.0,0.0
1321,0.0,0.0,0.0,0.0
1322,0.0,0.0,0.0,0.0
1323,0.0,0.0,0.0,0.0
1324,0.0,0.0,0.0,0.0
1325,0.0,0.0,0.0,0.0
1326,0.0,0.0,0.0,0.0
1327,0.0,0.0,0.0,0.0
1328,0.0,0.0,0.0,0.0
1329,0.0,0.0,0.0,0.0
1330,0.0,0.0,0.0,0.0
1331,0.0,0.0,0.0,0.0
1332,0.0,0.0,0.0,0.0
1333,0.0,0.0,0.0,0.0
1334,0.0,0.0,0.0,0.0
1335,0.0,0.0,0.0,0.0
1336,0.0,0.0,0.0,0.0
1337,0.0,0.0,0.0,0.0
1338,0.0,0.0,0.0,0.0
1339,0.0,0.0,0.0,0.0
1340,0.0,0.0,0.0,0.0
1341,0.0,0.0,0.0,0.0
1342,0.0,0.0,0.0,0.0
1343,0.0,0.0,0.0,0.0
1344,0.0,0.0,0.0,0.0
1345,0.0,0.0,0.0,0.0
1346,0.0,0.0,0.0,0.0
1347,0.0,0.0,0.0,0.0
1348,0.0,0.0,0.0,0.0
1349,0.0,0.0,0.0,0.0
1350,0.0,0.0,0.0,0.0
1351,0.0,0.0,0.0,0.0
1352,0.0,0.0,0.0,0.0
1353,0.0,0.0,0.0,0.0
1354,0.0,0.0,0.0,0.0
1355,0.0,0.0,0.0,0.0
1356,0.0,0.0,0.0,0.0
1357,0.0,0.0,0.0,0.0
1358,0.0,0.0,0.0,0.0
1359,0.0,0.0,0.0,0.0
1360,0.0,0.0,0.0,0.0
1361,0.0,0.0,0.0,0.0
1362,0.0,0.0,0.0,0.0
1363,0.0,0.0,0.0,0.0
1364,0.0,0.0,0.0,0.0
1365,0.0,0.0,0.0,0.0
1366,0.0,0.0,0.0,0.0
1367,0.0,0.0,0.0,0.0
1368,0.0,0.0,0.0,0.0
1369,0.0,0.0,0.0,0.0
1370,0.0,0.0,0.0,0.0
1371,0.0,0.0,0.0,0.0
1372,0.0,0.0,0.0,0.0
1373,0.0,0.0,0.0,0.0
1374,0.0,0.0,0.0,0.0
1375,0.0,0.0,0.0,0.0
1376,0.0,0.0,0.0,0.0
1377,0.0,0.0,0.0,0.0
1378,0.0,0.0,0.0,0.0
1379,0.0,0.0,0.0,0.0
1380,0.0,0.0,0.0,0.0
1381,0.0,0.0,0.0,0.0
1382,0.0,0.0,0.0,0.0
1383,0.0,0.0,0.0,0.0
1384,0.0,0.0,0.0,0.0
1385,0.0,0.0,0.0,0.0
1386,0.0,0.0,0.0,0.0
1387,0.0,0.0,0.0,0.0
1388,0.0,0.0,0.0,0.0
1389,0.0,0.0,0.0,0.0
1390,0.0,0.0,0.0,0.0
1391,0.0,0.0,0.0,0.0
1392,0.0,0.0,0.0,0.0
1393,0.0,0.0,0.0,0.0
1394,0.0,0.0,0.0,0.0
1395,0.0,0.0,0.0,0.0
1396,0.0,0.0,0.0,0.0
1397,0.0,0.0,0.0,0.0
1398,0.0,0.0,0.0,0.0
1399,0.0,0.0,0.0,0.0
1400,0.0,0.0,0.0,0.0
1401,0.0,0.0,0.0,0.0
1402,0.0,0.0,0.0,0.0
1403,0.0,0.0,0.0,0.0
1404,0.0,0.0,0.0,0.0
1405,0.0,0.0,0.0,0.0
1406,0.0,0.0,0.0,0.0
1407,0.0,0.0,0.0,0.0
1408,0.0,0.0,0.0,0.0
1409,0.0,0.0,0.0,0.0
1410,0.0,0.0,0.0,0.0
1411,0.0,0.0,0.0,0.0
1412,0.0,0.0,0.0,0.0
1413,0.0,0.0,0.0,0.0
1414,0.0,0.0,0.0,0.0
1415,0.0,0.0,0.0,0.0
1416,0.0,0.0,0.0,0.0
1417,0.0,0.0,0.0,0.0
1418,0.0,0.0,0.0,0.0
1419,0.0,0.0,0.0,0.0
1420,0.0,0.0,0.0,0.0
1421,0.0,0.0,0.0,0.0
1422,0.0,0.0,0.0,0.0
1423,0.0,0.0,0.0,0.0
1424,0.0,0.0,0.0,0.0
1425,0.0,0.0,0.0,0.0
1426,0.0,0.0,0.0,0.0
1427,0.0,0.0,0.0,0.0
1428,0.0,0.0,0.0,0.0
1429,0.0,0.0,0.0,0.0
1430,0.0,0.0,0.0,0.0
1431,0.0,0.0,0.0,0.0
1432,0.0,0.0,0.0,0.0
1433,0.0,0.0,0.0,0.0
1434,0.0,0.0,0.0,0.0
1435,0.0,0.0,0.0,0.0
1436,0.0,0.0,0.0,0.0
1437,0.0,0.0,0.0,0.0
1438,0.0,0.0,0.0,0.0
1439,0.0,0.0,0.0,0.0
1440,0.0,0.0,0.0,0.0
1441,0.0,0.0,0.0,0.0
1442,0.0,0.0,0.0,0.0
1443,0.0,0.0,0.0,0.0
1444,0.0,0.0,0.0,0.0
1445,0.0,0.0,0.0,0.0
1446,0.0,0.0,0.0,0.0
1447,0.0,0.0,0.0,0.0
1448,0.0,0.0,0.0,0.0
1449,0.0,0.0,0.0,0.0
1450,0.0,0.0,0.0,0.0
1451,0.0,0.0,0.0,0.0
1452,0.0,0.0,0.0,0.0
1453,0.0,0.0,0.0,0.0
1454,0.0,0.0,0.0,0.0
1455,0.0,0.0,0.0,0.0
1456,0.0,0.0,0.0,0.0
1457,0.0,0.0,0.0,0.0
1458,0.0,0.0,0.0,0.0
1459,0.0,0.0,0.0,0.0
1460,0.0,0.0,0.0,0.0
1461,0.0,0.0,0.0,0.0
1462,0.0,0.0,0.0,0.0
1463,0.0,0.0,0.0,0.0
1464,0.0,0.0,0.0,0.0
1465,0.0,0.0,0.0,0.0
1466,0.0,0.0,0.0,0.0
1467,0.0,0.0,0.0,0.0
1468,0.0,0.0,0.0,0.0
1469,0.0,0.0,0.0,0.0
1470,0.0,0.0,0.0,0.0
1471,0.0,0.0,0.0,0.0
1472,0.0,0.0,0.0,0.0
1473,0.0,0.0,0.0,0.0
1474,0.0,0.0,0.0,0.0
1475,0.0,0.0,0.0,0.0
1476,0.0,0.0,0.0,0.0
1477,0.0,0.0,0.0,0.0
1478,0.0,0.0,0.0,0.0
1479,0.0,0.0,0.0,0.0
1480,0.0,0.0,0.0,0.0
1481,0.0,0.0,0.0,0.0
1482,0.0,0.0,0.0,0.0
1483,0.0,0.0,0.0,0.0
1484,0.0,0.0,0.0,0.0
1485,0.0,0.0,0.0,0.0
1486,0.0,0.0,0.0,0.0
1487,0.0,0.0,0.0,0.0
1488,0.0,0.0,0.0,0.0
1489,0.0,0.0,0.0,0.0
1490,0.0,0.0,0.0,0.0
1491,0.0,0.0,0.0,0.0
1492,0.0,0.0,0.0,0.0
1493,0.0,0.0,0.0,0.0
1494,0.0,0.0,0.0,0.0
1495,0.0,0.0,0.0,0.0
1496,0.0,0.0,0.0,0.0
1497,0.0,0.0,0.0,0.0
1498,0.0,0.0,0.0,0.0
1499,0.0,0.0,0.0,0.0
1500,0.0,0.0,0.0,0.0
1501,0.0,0.0,0.0,0.0
1502,0.0,0.0,0.0,0.0
1503,0.0,0.0,0.0,0.0
1504,0.0,0.0,0.0,0.0
1505,0.0,0.0,0.0,0.0
1506,0.0,0.0,0.0,0.0
1507,0.0,0.0,0.0,0.0
1508,0.0,0.0,0.0,0.0
1509,0.0,0.0,0.0,0.0
1510,0.0,0.0,0.0,0.0
1511,0.0,0.0,0.0,0.0
1512,0.0,0.0,0.0,0.0
1513,0.0,0.0,0.0,0.0
1514,0.0,0.0,0.0,0.0
1515,0.0,0.0,0.0,0.0
1516,0.0,0.0,0.0,0.0
1517,0.0,0.0,0.0,0.0
1518,0.0,0.0,0.0,0.0
1519,0.0,0.0,0.0,0.0
1520,0.0,0.0,0.0,0.0
1521,0.0,0.0,0.0,0.0
1522,0.0,0.0,0.0,0.0
1523,0.0,0.0,0.0,0.0
1524,0.0,0.0,0.0,0.0
1525,0.0,0.0,0.0,0.0
1526,0.0,0.0,0.0,0.0
1527,0.0,0.0,0.0,0.0
1528,0.0,0.0,0.0,0.0
1529,0.0,0.0,0.0,0.0
1530,0.0,0.0,0.0,0.0
1531,0.0,0.0,0.0,0.0
1532,0.0,0.0,0.0,0.0
1533,0.0,0.0,0.0,0.0
1534,0.0,0.0,0.0,0.0
1535,0.0,0.0,0.0,0.0
1536,0.0,0.0,0.0,0.0
1537,0.0,0.0,0.0,0.0
1538,0.0,0.0,0.0,0.0
1539,0.0,0.0,0.0,0.0
1540,0.0,0.0,0.0,0.0
1541,0.0,0.0,0.0,0.0
1542,0.0,0.0,0.0,0.0
1543,0.0,0.0,0.0,0.0
1544,0.0,0.0,0.0,0.0
1545,0.0,0.0,0.0,0.0
1546,0.0,0.0,0.0,0.0
1547,0.0,0.0,0.0,0.0
1548,0.0,0.0,0.0,0.0
1549,0.0,0.0,0.0,0.0
1550,0.0,0.0,0.0,0.0
1551,0.0,0.0,0.0,0.0
1552,0.0,0.0,0.0,0.0
1553,0.0,0.0,0.0,0.0
1554,0.0,0.0,0.0,0.0
1555,0.0,0.0,0.0,0.0
1556,0.0,0.0,0.0,0.0
1557,0.0,0.0,0.0,0.0
1558,0.0,0.0,0.0,0.0
1559,0.0,0.0,0.0,0.0
1560,0.0,0.0,0.0,0.0
1561,0.0,0.0,0.0,0.0
1562,0.0,0.0,0.0,0.0
1563,0.0,0.0,0.0,0.0
1564,0.0,0.0,0.0,0.0
1565,0.0,0.0,0.0,0.0
1566,0.0,0.0,0.0,0.0
1567,0.0,0.0,0.0,0.0
1568,0.0,0.0,0.0,0.0
1569,0.0,0.0,0.0,0.0
1570,0.0,0.0,0.0,0.0
1571,0.0,0.0,0.0,0.0
1572,0.0,0.0,0.0,0.0
1573,0.0,0.0,0.0,0.0
1574,0.0,0.0,0.0,0.0
1575,0.0,0.0,0.0,0.0
1576,0.0,0.0,0.0,0.0
1577,0.0,0.0,0.0,0.0
1578,0.0,0.0,0.0,0.0
1579,0.0,0.0,0.0,0.0
1580,0.0,0.0,0.0,0.0
1581,0.0,0.0,0.0,0.0
1582,0.0,0.0,0.0,0.0
1583,0.0,0.0,0.0,0.0
1584,0.0,0.0,0.0,0.0
1585,0.0,0.0,0.0,0.0
1586,0.0,0.0,0.0,0.0
1587,0.0,0.0,0.0,0.0
1588,0.0,0.0,0.0,0.0
1589,0.0,0.0,0.0,0.0
1590,0.0,0.0,0.0,0.0
1591,0.0,0.0,0.0,0.0
1592,0.0,0.0,0.0,0.0
1593,0.0,0.0,0.0,0.0
1594,0.0,0.0,0.0,0.0
1595,0.0,0.0,0.0,0.0
1596,0.0,0.0,0.0,0.0
1597,0.0,0.0,0.0,0.0
1598,0.0,0.0,0.0,0.0
1599,0.0,0.0,0.0,0.0
1600,0.0,0.0,0.0,0.0
1601,0.0,0.0,0.0,0.0
1602,0.0,0.0,0.0,0.0
1603,0.0,0.0,0.0,0.0
1604,0.0,0.0,0.0,0.0
1605,0.0,0.0,0.0,0.0
1606,0.0,0.0,0.0,0.0
1607,0.0,0.0,0.0,0.0
1608,0.0,0.0,0.0,0.0
1609,0.0,0.0,0.0,0.0
1610,0.0,0.0,0.0,0.0
1611,0.0,0.0,0.0,0.0
1612,0.0,0.0,0.0,0.0
1613,0.0,0.0,0.0,0.0
1614,0.0,0.0,0.0,0.0
1615,0.0,0.0,0.0,0.0
1616,0.0,0.0,0.0,0.0
1617,0.0,0.0,0.0,0.0
1618,0.0,0.0,0.0,0.0
1619,0.0,0.0,0.0,0.0
1620,0.0,0.0,0.0,0.0
1621,0.0,0.0,0.0,0.0
1622,0.0,0.0,0.0,0.0
1623,0.0,0.0,0.0,0.0
1624,0.0,0.0,0.0,0.0
1625,0.0,0.0,0.0,0.0
1626,0.0,0.0,0.0,0.0
1627,0.0,0.0,0.0,0.0
1628,0.0,0.0,0.0,0.0
1629,0.0,0.0,0.0,0.0
1630,0.0,0.0,0.0,0.0
1631,0.0,0.0,0.0,0.0
1632,0.0,0.0,0.0,0.0
1633,0.0,0.0,0.0,0.0
1634,0.0,0.0,0.0,0.0
1635,0.0,0.0,0.0,0.0
1636,0.0,0.0,0.0,0.0
1637,0.0,0.0,0.0,0.0
1638,0.0,0.0,0.0,0.0
1639,0.0,0.0,0.0,0.0
1640,0.0,0.0,0.0,0.0
1641,0.0,0.0,0.0,0.0
1642,0.0,0.0,0.0,0.0
1643,0.0,0.0,0.0,0.0
1644,0.0,0.0,0.0,0.0
1645,0.0,0.0,0.0,0.0
1646,0.0,0.0,0.0,0.0
1647,0.0,0.0,0.0,0.0
1648,0.0,0.0,0.0,0.0
1649,0.0,0.0,0.0,0.0
1650,0.0,0.0,0.0,0.0
1651,0.0,0.0,0.0,0.0
1652,0.0,0.0,0.0,0.0
1653,0.0,0.0,0.0,0.0
1654,0.0,0.0,0.0,0.0
1655,0.0,0.0,0.0,0.0
1656,0.0,0.0,0.0,0.0
1657,0.0,0.0,0.0,0.0
1658,0.0,0.0,0.0,0.0
1659,0.0,0.0,0.0,0.0
1660,0.0,0.0,0.0,0.0
1661,0.0,0.0,0.0,0.0
1662,0.0,0.0,0.0,0.0
1663,0.0,0.0,0.0,0.0
1664,0.0,0.0,0.0,0.0
1665,0.0,0.0,0.0,0.0
1666,0.0,0.0,0.0,0.0
1667,0.0,0.0,0.0,0.0
1668,0.0,0.0,0.0,0.0
1669,0.0,0.0,0.0,0.0
1670,0.0,0.0,0.0,0.0
1671,0.0,0.0,0.0,0.0
1672,0.0,0.0,0.0,0.0
1673,0.0,0.0,0.0,0.0
1674,0.0,0.0,0.0,0.0
1675,0.0,0.0,0.0,0.0
1676,0.0,0.0,0.0,0.0
1677,0.0,0.0,0.0,0.0
1678,0.0,0.0,0.0,0.0
1679,0.0,0.0,0.0,0.0
1680,0.0,0.0,0.0,0.0
1681,0.0,0.0,0.0,0.0
1682,0.0,0.0,0.0,0.0
1683,0.0,0.0,0.0,0.0
1684,0.0,0.0,0.0,0.0
1685,0.0,0.0,0.0,0.0
1686,0.0,0.0,0.0,0.0
1687,0.0,0.0,0.0,0.0
1688,0.0,0.0,0.0,0.0
1689,0.0,0.0,0.0,0.0
1690,0.0,0.0,0.0,0.0
1691,0.0,0.0,0.0,0.0
1692,0.0,0.0,0.0,0.0
1693,0.0,0.0,0.0,0.0
1694,0.0,0.0,0.0,0.0
1695,0.0,0.0,0.0,0.0
1696,0.0,0.0,0.0,0.0
1697,0.0,0.0,0.0,0.0
1698,0.0,0.0,0.0,0.0
1699,0.0,0.0,0.0,0.0
1700,0.0,0.0,0.0,0.0
1701,0.0,0.0,0.0,0.0
1702,0.0,0.0,0.0,0.0
1703,0.0,0.0,0.0,0.0
1704,0.0,0.0,0.0,0.0
1705,0.0,0.0,0.0,0.0
1706,0.0,0.0,0.0,0.0
1707,0.0,0.0,0.0,0.0
1708,0.0,0.0,0.0,0.0
1709,0.0,0.0,0.0,0.0
1710,0.0,0.0,0.0,0.0
1711,0.0,0.0,0.0,0.0
1712,0.0,0.0,0.0,0.0
1713,0.0,0.0,0.0,0.0
1714,0.0,0.0,0.0,0.0
1715,0.0,0.0,0.0,0.0
1716,0.0,0.0,0.0,0.0
1717,0.0,0.0,0.0,0.0
1718,0.0,0.0,0.0,0.0
1719,0.0,0.0,0.0,0.0
1720,0.0,0.0,0.0,0.0
1721,0.0,0.0,0.0,0.0
1722,0.0,0.0,0.0,0.0
1723,0.0,0.0,0.0,0.0
1724,0.0,0.0,0.0,0.0
1725,0.0,0.0,0.0,0.0
1726,0.0,0.0,0.0,0.0
1727,0.0,0.0,0.0,0.0
1728,0.0,0.0,0.0,0.0
1729,0.0,0.0,0.0,0.0
1730,0.0,0.0,0.0,0.0
1731,0.0,0.0,0.0,0.0
1732,0.0,0.0,0.0,0.0
1733,0.0,0.0,0.0,0.0
1734,0.0,0.0,0.0,0.0
1735,0.0,0.0,0.0,0.0
1736,0.0,0.0,0.0,0.0
1737,0.0,0.0,0.0,0.0
1738,0.0,0.0,0.0,0.0
1739,0.0,0.0,0.0,0.0
1740,0.0,0.0,0.0,0.0
1741,0.0,0.0,0.0,0.0
1742,0.0,0.0,0.0,0.0
1743,0.0,0.0,0.0,0.0
1744,0.0,0.0,0.0,0.0
1745,0.0,0.0,0.0,0.0
1746,0.0,0.0,0.0,0.0
1747,0.0,0.0,0.0,0.0
1748,0.0,0.0,0.0,0.0
1749,0.0,0.0,0.0,0.0
1750,0.0,0.0,0.0,0.0
1751,0.0,0.0,0.0,0.0
1752,0.0,0.0,0.0,0.0
1753,0.0,0.0,0.0,0.0
1754,0.0,0.0,0.0,0.0
1755,0.0,0.0,0.0,0.0
1756,0.0,0.0,0.0,0.0
1757,0.0,0.0,0.0,0.0
1758,0.0,0.0,0.0,0.0
1759,0.0,0.0,0.0,0.0
1760,0.0,0.0,0.0,0.0
1761,0.0,0.0,0.0,0.0
1762,0.0,0.0,0.0,0.0
1763,0.0,0.0,0.0,0.0
1764,0.0,0.0,0.0,0.0
1765,0.0,0.0,0.0,0.0
1766,0.0,0.0,0.0,0.0
1767,0.0,0.0,0.0,0.0
1768,0.0,0.0,0.0,0.0
1769,0.0,0.0,0.0,0.0
1770,0.0,0.0,0.0,0.0
1771,0.0,0.0,0.0,0.0
1772,0.0,0.0,0.0,0.0
1773,0.0,0.0,0.0,0.0
1774,0.0,0.0,0.0,0.0
1775,0.0,0.0,0.0,0.0
1776,0.0,0.0,0.0,0.0
1777,0.0,0.0,0.0,0.0
1778,0.0,0.0,0.0,0.0
1779,0.0,0.0,0.0,0.0
1780,0.0,0.0,0.0,0.0
1781,0.0,0.0,0.0,0.0
1782,0.0,0.0,0.0,0.0
1783,0.0,0.0,0.0,0.0
1784,0.0,0.0,0.0,0.0
1785,0.0,0.0,0.0,0.0
1786,0.0,0.0,0.0,0.0
1787,0.0,0.0,0.0,0.0
1788,0.0,0.0,0.0,0.0
1789,0.0,0.0,0.0,0.0
1790,0.0,0.0,0.0,0.0
1791,0.0,0.0,0.0,0.0
1792,0.0,0.0,0.0,0.0
1793,0.0,0.0,0.0,0.0
1794,0.0,0.0,0.0,0.0
1795,0.0,0.0,0.0,0.0
1796,0.0,0.0,0.0,0.0
1797,0.0,0.0,0.0,0.0
1798,0.0,0.0,0.0,0.0
1799,0.0,0.0,0.0,0.0
1800,0.0,0.0,0.0,0.0
1801,0.0,0.0,0.0,0.0
1802,0.0,0.0,0.0,0.0
1803,0.0,0.0,0.0,0.0
1804,0.0,0.0,0.0,0.0
1805,0.0,0.0,0.0,0.0
1806,0.0,0.0,0.0,0.0
1807,0.0,0.0,0.0,0.0
1808,0.0,0.0,0.0,0.0
1809,0.0,0.0,0.0,0.0
1810,0.0,0.0,0.0,0.0
1811,0.0,0.0,0.0,0.0
1812,0.0,0.0,0.0,0.0
1813,0.0,0.0,0.0,0.0
1814,0.0,0.0,0.0,0.0
1815,0.0,0.0,0.0,0.0
1816,0.0,0.0,0.0,0.0
1817,0.0,0.0,0.0,0.0
1818,0.0,0.0,0.0,0.0
1819,0.0,0.0,0.0,0.0
1820,0.0,0.0,0.0,0.0
1821,0.0,0.0,0.0,0.0
1822,0.0,0.0,0.0,0.0
1823,0.0,0.0,0.0,0.0
1824,0.0,0.0,0.0,0.0
1825,0.0,0.0,0.0,0.0
1826,0.0,0.0,0.0,0.0
1827,0.0,0.0,0.0,0.0
1828,0.0,0.0,0.0,0.0
1829,0.0,0.0,0.0,0.0
1830,0.0,0.0,0.0,0.0
1831,0.0,0.0,0.0,0.0
1832,0.0,0.0,0.0,0.0
1833,0.0,0.0,0.0,0.0
1834,0.0,0.0,0.0,0.0
1835,0.0,0.0,0.0,0.0
1836,0.0,0.0,0.0,0.0
1837,0.0,0.0,0.0,0.0
1838,0.0,0.0,0.0,0.0
1839,0.0,0.0,0.0,0.0
1840,0.0,0.0,0.0,0.0
1841,0.0,0.0,0.0,0.0
1842,0.0,0.0,0.0,0.0
1843,0.0,0.0,0.0,0.0
1844,0.0,0.0,0.0,0.0
1845,0.0,0.0,0.0,0.0
1846,0.0,0.0,0.0,0.0
1847,0.0,0.0,0.0,0.0
1848,0.0,0.0,0.0,0.0
1849,0.0,0.0,0.0,0.0
1850,0.0,0.0,0.0,0.0
1851,0.0,0.0,0.0,0.0
1852,0.0,0.0,0.0,0.0
1853,0.0,0.0,0.0,0.0
1854,0.0,0.0,0.0,0.0
1855,0.0,0.0,0.0,0.0
1856,0.0,0.0,0.0,0.0
1857,0.0,0.0,0.0,0.0
1858,0.0,0.0,0.0,0.0
1859,0.0,0.0,0.0,0.0
1860,0.0,0.0,0.0,0.0
1861,0.0,0.0,0.0,0.0
1862,0.0,0.0,0.0,0.0
1863,0.0,0.0,0.0,0.0
1864,0.0,0.0,0.0,0.0
1865,0.0,0.0,0.0,0.0
1866,0.0,0.0,0.0,0.0
1867,0.0,0.0,0.0,0.0
1868,0.0,0.0,0.0,0.0
1869,0.0,0.0,0.0,0.0
1870,0.0,0.0,0.0,0.0
1871,0.0,0.0,0.0,0.0
1872,0.0,0.0,0.0,0.0
1873,0.0,0.0,0.0,0.0
1874,0.0,0.0,0.0,0.0
1875,0.0,0.0,0.0,0.0
1876,0.0,0.0,0.0,0.0
1877,0.0,0.0,0.0,0.0
1878,0.0,0.0,0.0,0.0
1879,0.0,0.0,0.0,0.0
1880,0.0,0.0,0.0,0.0
1881,0.0,0.0,0.0,0.0
1882,0.0,0.0,0.0,0.0
1883,0.0,0.0,0.0,0.0
1884,0.0,0.0,0.0,0.0
1885,0.0,0.0,0.0,0.0
1886,0.0,0.0,0.0,0.0
1887,0.0,0.0,0.0,0.0
1888,0.0,0.0,0.0,0.0
1889,0.0,0.0,0.0,0.0
1890,0.0,0.0,0.0,0.0
1891,0.0,0.0,0.0,0.0
1892,0.0,0.0,0.0,0.0
1893,0.0,0.0,0.0,0.0
1894,0.0,0.0,0.0,0.0
1895,0.0,0.0,0.0,0.0
1896,0.0,0.0,0.0,0.0
1897,0.0,0.0,0.0,0.0
1898,0.0,0.0,0.0,0.0
1899,0.0,0.0,0.0,0.0
1900,0.0,0.0,0.0,0.0
1901,0.0,0.0,0.0,0.0
1902,0.0,0.0,0.0,0.0
1903,0.0,0.0,0.0,0.0
1904,0.0,0.0,0.0,0.0
1905,0.0,0.0,0.0,0.0
1906,0.0,0.0,0.0,0.0
1907,0.0,0.0,0.0,0.0
1908,0.0,0.0,0.0,0.0
1909,0.0,0.0,0.0,0.0
1910,0.0,0.0,0.0,0.0
1911,0.0,0.0,0.0,0.0
1912,0.0,0.0,0.0,0.0
1913,0.0,0.0,0.0,0.0
1914,0.0,0.0,0.0,0.0
1915,0.0,0.0,0.0,0.0
1916,0.0,0.0,0.0,0.0
1917,0.0,0.0,0.0,0.0
1918,0.0,0.0,0.0,0.0
1919,0.0,0.0,0.0,0.0
1920,0.0,0.0,0.0,0.0
1921,0.0,0.0,0.0,0.0
1922,0.0,0.0,0.0,0.0
1923,0.0,0.0,0.0,0.0
1924,0.0,0.0,0.0,0.0
1925,0.0,0.0,0.0,0.0
1926,0.0,0.0,0.0,0.0
1927,0.0,0.0,0.0,0.0
1928,0.0,0.0,0.0,0.0
1929,0.0,0.0,0.0,0.0
1930,0.0,0.0,0.0,0.0
1931,0.0,0.0,0.0,0.0
1932,0.0,0.0,0.0,0.0
1933,0.0,0.0,0.0,0.0
1934,0.0,0.0,0.0,0.0
1935,0.0,0.0,0.0,0.0
1936,0.0,0.0,0.0,0.0
1937,0.0,0.0,0.0,0.0
1938,0.0,0.0,0.0,0.0
1939,0.0,0.0,0.0,0.0
1940,0.0,0.0,0.0,0.0
1941,0.0,0.0,0.0,0.0
1942,0.0,0.0,0.0,0.0
1943,0.0,0.0,0.0,0.0
1944,0.0,0.0,0.0,0.0
1945,0.0,0.0,0.0,0.0
1946,0.0,0.0,0.0,0.0
1947,0.0,0.0,0.0,0.0
1948,0.0,0.0,0.0,0.0
1949,0.0,0.0,0.0,0.0
1950,0.0,0.0,0.0,0.0
1951,0.0,0.0,0.0,0.0
1952,0.0,0.0,0.0,0.0
1953,0.0,0.0,0.0,0.0
1954,0.0,0.0,0.0,0.0
1955,0.0,0.0,0.0,0.0
1956,0.0,0.0,0.0,0.0
1957,0.0,0.0,0.0,0.0
1958,0.0,0.0,0.0,0.0
1959,0.0,0.0,0.0,0.0
1960,0.0,0.0,0.0,0.0
1961,0.0,0.0,0.0,0.0
1962,0.0,0.0,0.0,0.0
1963,0.0,0.0,0.0,0.0
1964,0.0,0.0,0.0,0.0
1965,0.0,0.0,0.0,0.0
1966,0.0,0.0,0.0,0.0
1967,0.0,0.0,0.0,0.0
1968,0.0,0.0,0.0,0.0
1969,0.0,0.0,0.0,0.0
1970,0.0,0.0,0.0,0.0
1971,0.0,0.0,0.0,0.0
1972,0.0,0.0,0.0,0.0
1973,0.0,0.0,0.0,0.0
1974,0.0,0.0,0.0,0.0
1975,0.0,0.0,0.0,0.0
1976,0.0,0.0,0.0,0.0
1977,0.0,0.0,0.0,0.0
1978,0.0,0.0,0.0,0.0
1979,0.0,0.0,0.0,0.0
1980,0.0,0.0,0.0,0.0
1981,0.0,0.0,0.0,0.0
1982,0.0,0.0,0.0,0.0
1983,0.0,0.0,0.0,0.0
1984,0.0,0.0,0.0,0.0
1985,0.0,0.0,0.0,0.0
1986,0.0,0.0,0.0,0.0
1987,0.0,0.0,0.0,0.0
1988,0.0,0.0,0.0,0.0
1989,0.0,0.0,0.0,0.0
1990,0.0,0.0,0.0,0.0
1991,0.0,0.0,0.0,0.0
1992,0.0,0.0,0.0,0.0
1993,0.0,0.0,0.0,0.0
1994,0.0,0.0,0.0,0.0
1995,0.0,0.0,0.0,0.0
1996,0.0,0.0,0.0,0.0
1997,0.0,0.0,0.0,0.0
1998,0.0,0.0,0.0,0.0
1999,0.0,0.0,0.0,0.0
